# Created by Octave 4.0.0, Fri May 20 20:54:40 2016 BRT <ia368n@ia368n-VirtualBox>
# name: a
# type: scalar
12


# name: ans
# type: scalar
12


# name: cleanSeries
# type: matrix
# rows: 0
# columns: 1


# name: delta
# type: matrix
# rows: 1
# columns: 2
 10 10


# name: desvio_padrao_laser
# type: matrix
# rows: 1
# columns: 11
 7.604324925708895 9.055223393548649 8.068043959556327 8.39314294438314 10.5642048561368 8.107858764024799 7.218459781432713 8.113238962624388 11.15627739223641 6.750046763773664 6.604253297395673


# name: desvio_padrao_sonar
# type: matrix
# rows: 1
# columns: 16
 0 1.454494948618095 1.007597402364915 0 0 0 5526.05713891245 0 0.924634790038475 3085.120317284434 0.1 2.5 36.72127476275872 0 0.4286459771622426 0


# name: desvio_padrao_sonar_limpo
# type: matrix
# rows: 1
# columns: 16
 0 1.454494948618095 1.007597402364915 0 0 0 720.9654085287947 0 0.924634790038475 4.254746926755642 0.1 2.5 36.72127476275872 0 0.4286459771622426 0


# name: h
# type: scalar
2


# name: k
# type: scalar
16


# name: laserData
# type: matrix
# rows: 100
# columns: 11
 2005 2239 2101 2233 2667 3945 3445 1978 2320 1487 1196
 1998 2236 2102 2202 2666 3957 3438 1990 2314 1485 1188
 1998 2260 2104 2210 2667 3939 3433 1974 2340 1481 1201
 1999 2258 2100 2206 2680 3928 3443 1983 2324 1483 1197
 1997 2269 2099 2205 2674 3952 3442 1979 2315 1486 1208
 2015 2244 2105 2222 2679 3956 3439 1997 2322 1475 1207
 2015 2260 2103 2226 2679 3955 3439 1978 2317 1482 1200
 2017 2257 2101 2215 2683 3955 3437 1974 2331 1484 1188
 2002 2264 2113 2211 2662 3953 3428 1996 2342 1478 1198
 2017 2253 2106 2225 2686 3941 3431 1983 2317 1481 1192
 1995 2255 2094 2225 2681 3952 3438 1974 2340 1485 1207
 2004 2263 2091 2209 2663 3935 3431 1984 2331 1486 1196
 1998 2254 2104 2211 2677 3931 3437 1980 2336 1499 1189
 2000 2261 2104 2216 2679 3942 3424 2007 2343 1490 1190
 1995 2258 2103 2208 2674 3938 3442 1989 2326 1472 1201
 2007 2259 2102 2219 2689 3935 3441 1981 2334 1493 1191
 1999 2238 2099 2208 2667 3966 3447 1969 2313 1488 1186
 2008 2255 2116 2216 2683 3966 3431 1980 2347 1485 1192
 2000 2252 2106 2216 2677 3942 3437 1979 2345 1487 1197
 2003 2249 2096 2212 2677 3948 3449 2001 2346 1483 1205
 2008 2264 2112 2218 2655 3947 3446 1986 2325 1486 1209
 2010 2258 2106 2215 2674 3949 3432 1977 2309 1485 1187
 2003 2247 2101 2212 2676 3942 3428 1977 2327 1484 1205
 1996 2263 2107 2233 2682 3946 3437 1990 2317 1491 1203
 2017 2243 2122 2208 2679 3941 3437 1977 2337 1478 1193
 2020 2247 2094 2225 2692 3942 3429 1976 2318 1490 1201
 1995 2245 2091 2216 2684 3947 3420 1975 2338 1483 1199
 2009 2243 2105 2235 2663 3949 3442 1982 2321 1495 1192
 1998 2253 2112 2225 2660 3946 3432 1979 2331 1484 1193
 2011 2250 2107 2217 2689 3955 3443 1982 2319 1491 1190
 2000 2251 2121 2217 2683 3970 3449 1987 2321 1493 1200
 2022 2263 2102 2219 2671 3952 3445 1991 2324 1490 1210
 2002 2270 2106 2223 2658 3956 3449 1980 2331 1490 1196
 2005 2241 2104 2217 2680 3944 3440 1982 2348 1488 1197
 1995 2248 2109 2234 2675 3952 3435 1968 2344 1494 1206
 2000 2258 2115 2233 2685 3948 3443 1975 2349 1490 1209
 2008 2254 2097 2222 2672 3954 3434 1979 2339 1487 1196
 1995 2242 2104 2210 2675 3951 3440 1982 2323 1475 1189
 1997 2251 2099 2235 2684 3949 3441 2001 2338 1482 1197
 1998 2259 2103 2215 2684 3965 3440 1977 2344 1485 1183
 2019 2252 2111 2226 2655 3949 3425 1991 2335 1503 1204
 1994 2242 2099 2227 2679 3943 3437 1996 2322 1471 1203
 2015 2245 2104 2210 2655 3936 3440 1979 2334 1486 1188
 2003 2255 2121 2222 2675 3954 3429 1979 2323 1487 1203
 2002 2260 2106 2223 2656 3947 3431 1986 2348 1490 1205
 2004 2242 2112 2209 2681 3951 3424 1980 2314 1495 1209
 2005 2248 2104 2229 2687 3945 3428 1985 2349 1486 1201
 1993 2241 2106 2226 2683 3948 3446 1999 2343 1483 1201
 2002 2268 2100 2216 2682 3944 3440 2002 2345 1491 1208
 2001 2243 2103 2226 2668 3953 3441 1985 2320 1482 1188
 2021 2237 2089 2215 2678 3957 3435 1985 2338 1483 1196
 2018 2243 2097 2204 2648 3954 3433 1986 2321 1488 1196
 2003 2243 2105 2232 2672 3932 3423 1978 2327 1487 1204
 2008 2251 2099 2206 2674 3945 3440 2002 2331 1485 1199
 1991 2250 2100 2214 2660 3939 3424 1990 2342 1481 1205
 1993 2248 2105 2220 2681 3944 3443 1998 2343 1489 1199
 2005 2251 2102 2213 2681 3936 3439 1977 2345 1495 1190
 2000 2258 2092 2214 2686 3941 3426 1999 2328 1485 1192
 1998 2264 2118 2223 2683 3948 3441 1970 2333 1485 1198
 2006 2261 2108 2220 2669 3942 3431 1986 2334 1492 1199
 2002 2257 2108 2215 2693 3954 3444 1983 2334 1503 1207
 2004 2244 2116 2213 2670 3947 3436 1976 2314 1474 1193
 2014 2237 2105 2226 2688 3958 3436 1980 2328 1497 1199
 1999 2239 2117 2208 2687 3941 3429 1980 2333 1483 1202
 2004 2250 2118 2219 2684 3939 3445 1993 2329 1492 1193
 1995 2255 2101 2229 2683 3957 3445 1974 2337 1485 1210
 2000 2242 2098 2210 2678 3945 3436 1974 2317 1467 1189
 1995 2236 2118 2231 2679 3960 3441 1977 2331 1470 1198
 1997 2275 2105 2214 2699 3950 3442 1984 2338 1496 1197
 2008 2264 2114 2212 2686 3945 3443 1991 2334 1494 1203
 2003 2260 2125 2222 2659 3958 3429 1988 2332 1491 1207
 2020 2254 2105 2210 2667 3948 3444 1976 2327 1480 1196
 2005 2265 2123 2217 2665 3953 3446 1977 2339 1485 1203
 2011 2240 2110 2209 2682 3950 3438 1985 2331 1490 1190
 2007 2264 2109 2212 2686 3949 3443 1986 2351 1491 1205
 2002 2255 2095 2223 2687 3953 3429 1980 2323 1489 1190
 2005 2250 2102 2220 2682 3954 3445 1982 2329 1487 1204
 1997 2251 2107 2215 2690 3951 3428 1992 2334 1495 1200
 2004 2251 2102 2209 2690 3935 3443 1985 2345 1485 1207
 1999 2243 2106 2215 2666 3944 3440 1983 2318 1492 1205
 2007 2264 2091 2227 2685 3942 3443 1986 2313 1486 1193
 2004 2261 2106 2214 2682 3941 3432 1978 2326 1495 1201
 2005 2263 2106 2218 2660 3929 3422 1992 2321 1488 1192
 2006 2252 2091 2233 2681 3939 3437 1995 2344 1487 1191
 2004 2266 2112 2213 2665 3943 3439 1981 2313 1491 1205
 2019 2247 2110 2221 2681 3948 3443 1990 2326 1483 1201
 2019 2249 2100 2222 2666 3949 3429 1980 2351 1492 1187
 1990 2245 2098 2216 2670 3940 3446 1978 2335 1502 1189
 2004 2252 2122 2231 2685 3947 3445 1971 2346 1489 1195
 2005 2243 2097 2232 2654 3965 3427 1989 2335 1481 1197
 2006 2248 2088 2235 2671 3950 3428 1985 2335 1480 1201
 2003 2248 2120 2213 2654 3946 3421 1985 2320 1486 1195
 2002 2264 2103 2217 2686 3958 3436 1986 2320 1482 1200
 2015 2267 2093 2218 2675 3949 3430 1981 2332 1486 1200
 2004 2263 2104 2209 2656 3948 3448 1977 2342 1478 1200
 1992 2261 2098 2204 2674 3943 3443 1985 2317 1473 1203
 2012 2256 2105 2213 2678 3942 3441 1969 2307 1479 1189
 2002 2241 2097 2207 2670 3941 3430 1976 2323 1482 1203
 1998 2264 2100 2206 2683 3943 3442 1986 2319 1481 1190
 2015 2255 2104 2209 2675 3937 3439 1976 2309 1483 1198


# name: limit
# type: scalar
200


# name: media_laser
# type: matrix
# rows: 1
# columns: 11
 2004.25 2252.77 2104.76 2217.86 2675.56 3947.4 3436.93 1983.44 2330.39 1486.25 1198


# name: media_sonar
# type: matrix
# rows: 1
# columns: 16
 16321 2930.16 1593.93 16321 16321 16321 4667.45 2328 2334.44 7112.04 1047.99 171.75 2989.75 16321 894.91 16321


# name: media_sonar_limpo
# type: matrix
# rows: 1
# columns: 16
 16321 2930.16 1593.93 16321 16321 16321 2109.353658536585 2328 2334.44 6088.822222222222 1047.99 171.75 2989.75 16321 894.91 16321


# name: n_v
# type: matrix
# rows: 1
# columns: 2
 0 0


# name: p
# type: scalar
0


# name: r_delta
# type: matrix
# rows: 1
# columns: 2
 10 -10


# name: s_v
# type: scalar struct
# ndims: 2
 1 1
# length: 2
# name: left
# type: scalar
-10


# name: right
# type: scalar
10




