# Created by Octave 4.0.0, Fri May 20 20:56:04 2016 BRT <ia368n@ia368n-VirtualBox>
# name: a
# type: scalar
3


