# Created by Octave 4.0.0, Tue Jun 07 12:00:22 2016 BRT <ia368n@ia368n-VirtualBox>
# name: measurements
# type: matrix
# rows: 30
# columns: 4
 -1 -1 0.488759 0
 -1 -1 0.488759 0
 -1 -1 0.488759 0
 -1 -1 0.488759 0
 -1 -1 0.488759 0
 -1 -1 0.488759 0
 -1 -1 0.488759 0
 -1 -1 0.488759 0
 -1 -1 0.488759 0
 -1 -1 0.488759 0
 -1 -1 0.488759 0
 -1 -1 0.488759 0
 -1 -1 0.488759 0
 -1 -1 0.488759 0
 -1 -1 0.488759 0
 -1 -1 0.488759 0
 -1 -1 0.469208 0
 -1 -1 0.488759 0
 -1 -1 0.488759 0
 -1 -1 0.488759 0
 -1 -1 0.488759 0
 -1 -1 0.488759 0
 -1 -1 0.488759 0
 -1 -1 0.488759 0
 -1 -1 0.488759 0
 -1 -1 0.488759 0
 -1 -1 0.488759 0
 -1 -1 0.488759 0
 -1 -1 0.488759 0
 -1 -1 0.488759 0


# name: t
# type: range
# base, limit, increment
0.5 15 0.5


