# Created by Octave 4.0.0, Fri Jun 03 21:31:28 2016 BRT <ia368n@ia368n-VirtualBox>
# name: measurements
# type: matrix
# rows: 300
# columns: 4
 1.7302 577966 0.54741 700
 1.3392 577966 0.58651 700
 1.7302 577966 0.58651 700
 1.7302 471428 0.56696 700
 1.7302 577966 0.58651 700
 1.7302 577966 0.58651 700
 1.7302 577966 0.58651 700
 1.7302 577966 0.58651 700
 1.7302 577966 0.56696 700
 1.7302 577966 0.56696 700
 1.7302 577966 0.58651 700
 1.7302 577966 0.58651 700
 2.12121 471428 0.606061 700
 2.12121 471428 0.58651 711
 2.12121 471428 0.58651 711
 1.7302 577966 0.58651 711
 1.7302 577966 0.58651 711
 1.7302 577966 0.58651 711
 1.7302 577966 0.56696 711
 1.7302 577966 0.58651 711
 1.7302 577966 0.58651 711
 2.12121 577966 0.58651 711
 1.7302 746715 0.56696 711
 1.3392 577966 0.56696 722
 1.7302 746715 0.56696 722
 1.7302 577966 0.56696 733
 2.12121 471428 0.58651 3
 2.51222 398054 0.625611 533
 2.90323 344444 0.625611 733
 2.51222 398054 0.625611 733
 2.51222 344444 0.625611 733
 2.90323 344444 0.625611 977
 2.90323 303561 0.645161 733
 3.29423 303561 0.645161 966
 3.68524 271353 0.684262 733
 3.68524 271353 0.684262 733
 4.07625 245324 0.684262 633
 3.68524 271353 0.684262 733
 3.29423 271353 0.684262 733
 3.68524 271353 0.664712 733
 3.68524 303561 0.684262 722
 4.07625 245324 0.703812 722
 4.07625 245324 0.703812 722
 4.07625 223851 0.723363 722
 4.46725 205835 0.723363 722
 4.85826 223851 0.742913 522
 4.85826 223851 0.742913 722
 4.46725 223851 0.723363 722
 4.07625 245324 0.703812 722
 4.07625 245324 0.684262 722
 4.07625 245324 0.684262 711
 4.07625 245324 0.684262 711
 3.68524 271353 0.684262 711
 3.68524 271353 0.684262 700
 3.68524 271353 0.684262 711
 3.68524 271353 0.684262 711
 3.29423 271353 0.684262 11
 3.29423 271353 0.684262 711
 3.68524 303561 0.684262 966
 3.29423 271353 0.664712 711
 3.68524 303561 0.664712 711
 3.68524 271353 0.664712 611
 3.68524 271353 0.664712 711
 3.68524 271353 0.664712 0
 4.07625 271353 0.684262 711
 3.29423 303561 0.684262 711
 3.29423 303561 0.664712 711
 3.29423 344444 0.684262 611
 3.29423 303561 0.664712 911
 4.46725 271353 0.684262 711
 4.46725 223851 0.703812 611
 4.46725 245324 0.703812 711
 3.68524 271353 0.703812 711
 3.68524 271353 0.684262 711
 3.29423 303561 0.664712 711
 3.29423 303561 0.664712 711
 2.90323 303561 0.684262 711
 3.29423 303561 0.645161 711
 2.90323 344444 0.664712 711
 2.90323 303561 0.645161 711
 2.90323 344444 0.664712 711
 2.90323 344444 0.645161 711
 2.90323 303561 0.645161 711
 2.51222 344444 0.645161 611
 2.90323 303561 0.625611 700
 2.90323 344444 0.645161 700
 2.90323 398054 0.645161 966
 2.90323 303561 0.625611 700
 2.51222 398054 0.645161 700
 2.51222 398054 0.645161 600
 2.51222 398054 0.645161 0
 2.51222 398054 0.645161 700
 2.51222 398054 0.645161 700
 2.90323 398054 0.625611 700
 2.51222 398054 0.625611 700
 2.51222 471428 0.625611 966
 2.51222 471428 0.625611 7
 2.90323 398054 0.625611 700
 2.51222 344444 0.606061 700
 2.12121 398054 0.625611 700
 2.51222 344444 0.58651 700
 2.51222 398054 0.625611 700
 2.51222 471428 0.625611 900
 2.12121 471428 0.625611 700
 2.12121 471428 0.606061 700
 2.51222 577966 0.625611 700
 2.12121 471428 0.625611 700
 2.12121 398054 0.625611 700
 2.12121 471428 0.625611 700
 2.51222 398054 0.606061 700
 2.51222 471428 0.606061 700
 2.12121 471428 0.606061 600
 2.12121 471428 0.606061 700
 2.12121 471428 0.606061 700
 1.7302 471428 0.606061 700
 2.12121 398054 0.58651 700
 2.12121 471428 0.58651 700
 1.7302 471428 0.606061 600
 1.7302 471428 0.625611 700
 1.7302 471428 0.625611 0
 1.7302 577966 0.625611 966
 2.12121 471428 0.58651 700
 2.12121 471428 0.58651 700
 2.12121 577966 0.58651 966
 2.12121 577966 0.58651 700
 2.12121 471428 0.606061 700
 1.7302 577966 0.606061 600
 1.7302 577966 0.606061 900
 1.7302 577966 0.606061 700
 1.7302 471428 0.58651 700
 2.12121 577966 0.606061 700
 1.7302 577966 0.606061 700
 1.7302 577966 0.58651 700
 1.7302 577966 0.58651 700
 1.7302 577966 0.606061 700
 1.7302 577966 0.606061 700
 1.3392 577966 0.58651 600
 1.7302 471428 0.56696 700
 1.7302 577966 0.58651 700
 1.7302 577966 0.58651 700
 1.3392 577966 0.58651 7
 1.7302 471428 0.58651 700
 1.7302 577966 0.58651 600
 1.3392 746715 0.58651 700
 1.7302 577966 0.606061 700
 1.7302 577966 0.58651 600
 1.7302 746715 0.58651 700
 1.7302 577966 0.58651 700
 1.7302 577966 0.56696 700
 1.7302 577966 0.56696 700
 1.7302 577966 0.56696 700
 1.7302 746715 0.58651 700
 1.7302 746715 0.56696 700
 1.3392 746715 0.58651 700
 1.7302 577966 0.56696 700
 1.7302 577966 0.56696 700
 1.7302 577966 0.56696 700
 1.3392 746715 0.58651 966
 1.7302 577966 0.56696 700
 1.7302 746715 0.56696 700
 1.3392 746715 0.58651 700
 1.3392 746715 0.56696 700
 1.3392 746715 0.58651 700
 1.3392 746715 0.56696 600
 1.3392 746715 0.56696 700
 1.3392 746715 0.54741 700
 1.3392 577966 0.54741 700
 1.3392 577966 0.56696 700
 1.3392 746715 0.58651 700
 -1 1054640 0.56696 700
 1.3392 577966 0.54741 700
 1.3392 746715 0.56696 700
 1.3392 746715 0.56696 700
 -1 746715 0.56696 966
 -1 1054640 0.56696 700
 1.3392 746715 0.56696 0
 1.3392 746715 0.56696 699
 1.3392 746715 0.54741 699
 -1 746715 0.56696 699
 1.3392 1054640 0.56696 699
 -1 746715 0.56696 699
 -1 1054640 0.56696 0
 1.3392 746715 0.54741 699
 1.3392 1054640 0.56696 699
 1.3392 746715 0.54741 699
 -1 1054640 0.56696 966
 -1 746715 0.56696 699
 1.3392 1054640 0.54741 0
 -1 746715 0.56696 0
 -1 746715 0.56696 0
 -1 1054640 0.56696 0
 1.3392 1054640 0.56696 0
 -1 1054640 0.54741 0
 -1 746715 0.54741 0
 -1 746715 0.56696 0
 -1 1054640 0.56696 0
 -1 1054640 0.54741 0
 1.3392 746715 0.54741 0
 1.3392 746715 0.54741 0
 -1 746715 0.54741 0
 1.3392 1054640 0.54741 0
 -1 746715 0.54741 0
 -1 746715 0.54741 0
 -1 1054640 0.54741 0
 -1 1794740 0.54741 0
 -1 1054640 0.54741 0
 -1 1054640 0.56696 0
 -1 1054640 0.54741 977
 -1 1054640 0.54741 677
 -1 746715 0.54741 677
 -1 1054640 0.56696 677
 -1 1054640 0.54741 677
 1.3392 746715 0.54741 677
 -1 1054640 0.54741 677
 -1 1054640 0.54741 777
 -1 1054640 0.56696 0
 1.3392 1054640 0.527859 677
 1.3392 746715 0.527859 677
 -1 1054640 0.54741 677
 -1 746715 0.527859 677
 -1 746715 0.54741 677
 -1 746715 0.56696 0
 1.3392 577966 0.56696 677
 1.7302 577966 0.606061 677
 2.12121 471428 0.606061 677
 2.12121 471428 0.58651 977
 2.12121 471428 0.606061 677
 2.12121 398054 0.606061 677
 2.12121 471428 0.606061 977
 2.12121 471428 0.625611 677
 2.12121 471428 0.606061 677
 2.12121 471428 0.606061 677
 1.7302 471428 0.606061 0
 2.12121 398054 0.606061 0
 2.12121 471428 0.625611 0
 2.12121 471428 0.625611 0
 2.12121 471428 0.606061 0
 2.12121 577966 0.606061 0
 2.12121 471428 0.606061 0
 2.12121 471428 0.606061 0
 2.12121 471428 0.606061 0
 2.12121 577966 0.606061 0
 2.12121 577966 0.606061 0
 2.12121 471428 0.58651 0
 1.7302 577966 0.606061 0
 2.51222 471428 0.606061 0
 2.51222 398054 0.606061 0
 2.51222 398054 0.606061 0
 2.51222 471428 0.606061 0
 2.12121 471428 0.606061 0
 2.12121 471428 0.606061 0
 2.51222 398054 0.625611 0
 2.90323 398054 0.625611 0
 2.90323 344444 0.625611 0
 2.51222 398054 0.625611 0
 2.12121 398054 0.625611 0
 2.51222 398054 0.606061 0
 2.12121 471428 0.625611 0
 2.12121 398054 0.606061 0
 2.12121 471428 0.625611 0
 2.12121 577966 0.606061 0
 1.7302 471428 0.606061 0
 2.51222 577966 0.606061 0
 2.12121 577966 0.606061 0
 2.12121 471428 0.606061 833
 2.12121 471428 0.606061 844
 2.12121 398054 0.606061 844
 2.12121 471428 0.606061 844
 2.12121 471428 0.58651 844
 2.12121 577966 0.58651 844
 1.7302 471428 0.606061 844
 2.12121 577966 0.58651 833
 1.7302 577966 0.625611 822
 1.7302 577966 0.58651 808
 1.7302 577966 0.58651 0
 2.12121 577966 0.58651 822
 1.7302 577966 0.606061 822
 1.7302 577966 0.625611 822
 1.7302 471428 0.58651 822
 1.7302 577966 0.58651 822
 1.7302 577966 0.58651 822
 2.12121 577966 0.58651 822
 1.7302 577966 0.606061 822
 1.7302 577966 0.606061 822
 1.3392 577966 0.58651 822
 1.3392 577966 0.606061 802
 1.7302 577966 0.606061 822
 1.7302 471428 0.56696 822
