# Created by Octave 4.0.0, Mon May 30 12:02:52 2016 BRT <ia368n@ia368n-VirtualBox>
# name: measurements
# type: matrix
# rows: 100
# columns: 4
 -1 -1 0.56696 699
 -1 -1 0.54741 699
 -1 6017650 0.56696 699
 -1 -1 0.54741 699
 1.3392 746715 0.488759 688
 -1 -1 0.56696 688
 -1 6017650 0.56696 99
 -1 -1 0.508309 688
 -1 -1 0.54741 688
 -1 1054640 0.508309 688
 -1 1054640 0.527859 688
 -1 1794740 0.54741 688
 -1 -1 0.469208 688
 -1 746715 0.488759 688
 -1 1054640 0.488759 688
 -1 1794740 0.488759 688
 -1 6017650 0.56696 688
 1.3392 746715 0.469208 688
 -1 -1 0.56696 688
 -1 -1 0.56696 688
 1.3392 1054640 0.469208 688
 -1 -1 0.56696 688
 1.3392 746715 0.488759 688
 -1 -1 0.56696 88
 -1 -1 0.54741 688
 -1 -1 0.469208 688
 -1 1794740 0.488759 688
 -1 6017650 0.56696 688
 -1 1054640 0.508309 688
 -1 -1 0.56696 688
 -1 1054640 0.488759 688
 1.3392 746715 0.488759 688
 -1 746715 0.488759 699
 -1 -1 0.527859 699
 -1 1054640 0.469208 699
 -1 -1 0.527859 688
 -1 1794740 0.527859 688
 -1 -1 0.54741 688
 -1 1054640 0.488759 788
 -1 1054640 0.488759 688
 -1 -1 0.54741 688
 -1 6017650 0.488759 688
 -1 1054640 0.488759 98
 -1 6017650 0.488759 677
 -1 6017650 0.54741 677
 -1 6017650 0.488759 677
 -1 -1 0.54741 677
 -1 -1 0.527859 677
 -1 -1 0.508309 677
 -1 -1 0.54741 666
 -1 -1 0.54741 666
 -1 1054640 0.488759 866
 -1 1054640 0.469208 677
 -1 -1 0.508309 677
 -1 1794740 0.527859 677
 -1 1054640 0.488759 900
 -1 -1 0.527859 677
 -1 1054640 0.508309 99
 -1 -1 0.54741 677
 -1 6017650 0.54741 677
 -1 1794740 0.469208 677
 -1 1794740 0.508309 688
 -1 -1 0.527859 688
 -1 1054640 0.469208 688
 -1 1794740 0.488759 688
 -1 1794740 0.469208 688
 -1 -1 0.527859 688
 -1 1794740 0.527859 99
 -1 6017650 0.469208 688
 -1 1054640 0.488759 88
 -1 -1 0.469208 688
 -1 1054640 0.488759 99
 -1 1054640 0.488759 688
 -1 1054640 0.469208 688
 -1 1054640 0.469208 688
 -1 6017650 0.488759 688
 -1 1794740 0.469208 688
 -1 -1 0.527859 688
 -1 -1 0.527859 688
 -1 1054640 0.469208 688
 -1 1054640 0.469208 688
 -1 1054640 0.488759 688
 -1 1794740 0.508309 988
 -1 -1 0.527859 688
 -1 1054640 0.469208 688
 -1 -1 0.527859 688
 -1 -1 0.54741 688
 -1 -1 0.527859 688
 -1 1054640 0.488759 688
 -1 -1 0.508309 688
 -1 1054640 0.488759 888
 -1 -1 0.508309 688
 -1 -1 0.508309 699
 -1 6017650 0.469208 699
 -1 -1 0.469208 699
 -1 1054640 0.469208 699
 -1 -1 0.488759 699
 -1 1054640 0.469208 600
 -1 -1 0.527859 699
 -1 -1 0.527859 688


