# Created by Octave 4.0.0, Wed Jun 08 15:06:33 2016 BRT <ia368n@ia368n-VirtualBox>
# name: measurements
# type: matrix
# rows: 100
# columns: 4
 1.3392 1794740 0.527859 855
 1.3392 1794740 0.527859 855
 -1 6017650 0.54741 855
 -1 6017650 0.54741 877
 -1 746715 0.54741 99
 1.3392 577966 0.527859 60
 1.7302 577966 0.488759 900
 1.7302 577966 0.488759 899
 2.12121 577966 0.488759 699
 1.7302 746715 0.488759 999
 1.7302 577966 0.488759 899
 1.7302 577966 0.488759 899
 1.7302 746715 0.488759 809
 1.3392 1054640 0.488759 99
 1.7302 746715 0.488759 699
 1.7302 746715 0.488759 809
 1.3392 1794740 0.508309 899
 -1 746715 0.527859 899
 -1 1794740 0.58651 888
 1.3392 1794740 0.508309 888
 1.3392 1054640 0.488759 877
 1.3392 1054640 0.488759 800
 -1 -1 0.58651 866
 1.3392 1794740 0.508309 833
 -1 1794740 0.508309 800
 -1 1794740 0.508309 800
 -1 6017650 0.527859 500
 -1 6017650 0.527859 999
 -1 6017650 0.54741 788
 -1 -1 0.54741 488
 -1 -1 0.54741 888
 -1 6017650 0.58651 977
 -1 -1 0.56696 777
 -1 -1 0.56696 700
 -1 -1 0.56696 777
 -1 -1 0.58651 577
 -1 -1 0.58651 788
 -1 -1 0.58651 99
 -1 -1 0.58651 88
 -1 -1 0.58651 708
 -1 -1 0.58651 788
 -1 -1 0.58651 788
 -1 -1 0.58651 700
 -1 -1 0.56696 777
 -1 6017650 0.56696 507
 -1 6017650 0.56696 777
 -1 6017650 0.56696 766
 -1 -1 0.606061 766
 1.3392 1794740 0.488759 766
 1.7302 1054640 0.488759 566
 -1 746715 0.54741 777
 -1 1794740 0.56696 777
 -1 1054640 0.54741 777
 -1 1054640 0.56696 588
 -1 1054640 0.54741 888
 -1 746715 0.54741 99
 -1 1054640 0.54741 668
 -1 1054640 0.56696 700
 1.3392 471428 0.488759 788
 -1 1054640 0.54741 799
 -1 1054640 0.54741 799
 1.3392 577966 0.508309 99
 -1 1054640 0.54741 99
 -1 746715 0.54741 799
 -1 746715 0.54741 799
 -1 746715 0.54741 669
 -1 746715 0.54741 999
 1.3392 1794740 0.488759 788
 -1 -1 0.58651 788
 1.3392 1054640 0.488759 788
 -1 746715 0.508309 788
 -1 746715 0.527859 788
 -1 746715 0.527859 688
 -1 746715 0.54741 88
 1.7302 577966 0.469208 777
 -1 746715 0.54741 777
 -1 1054640 0.54741 700
 -1 746715 0.527859 777
 -1 746715 0.527859 777
 -1 746715 0.527859 777
 -1 746715 0.527859 777
 -1 746715 0.508309 950
 -1 746715 0.527859 777
 -1 746715 0.508309 99
 1.3392 6017650 0.488759 577
 -1 746715 0.508309 577
 -1 746715 0.508309 777
 -1 746715 0.508309 777
 -1 746715 0.508309 700
 1.3392 577966 0.508309 777
 -1 1794740 0.488759 777
 -1 1794740 0.488759 788
 -1 1794740 0.508309 988
 -1 -1 0.58651 788
 -1 -1 0.56696 788
 -1 6017650 0.527859 988
 -1 1794740 0.488759 788
 -1 1794740 0.508309 788
 -1 6017650 0.508309 788
 -1 -1 0.508309 788


# name: t
# type: range
# base, limit, increment
0.5 50 0.5


