# Created by Octave 4.0.0, Mon Jun 06 14:01:24 2016 BRT <ia368n@ia368n-VirtualBox>
# name: measurements
# type: matrix
# rows: 100
# columns: 4
 2.51222 398054 0.606061 588
 2.12121 471428 0.606061 88
 2.51222 398054 0.606061 999
 2.51222 398054 0.606061 599
 2.12121 471428 0.606061 900
 2.12121 471428 0.606061 599
 2.51222 471428 0.606061 599
 2.51222 471428 0.625611 599
 2.51222 471428 0.606061 599
 2.12121 471428 0.606061 999
 2.12121 471428 0.625611 599
 2.12121 471428 0.606061 999
 2.51222 398054 0.606061 599
 2.12121 471428 0.606061 599
 1.7302 471428 0.606061 599
 2.12121 471428 0.606061 599
 2.12121 398054 0.606061 599
 2.12121 471428 0.606061 999
 2.12121 398054 0.606061 599
 2.51222 398054 0.606061 600
 2.12121 471428 0.606061 600
 2.12121 471428 0.606061 622
 2.51222 398054 0.606061 633
 2.12121 471428 0.606061 633
 2.51222 471428 0.606061 44
 2.51222 471428 0.58651 600
 2.12121 398054 0.606061 666
 2.12121 471428 0.606061 688
 2.12121 471428 0.606061 688
 2.51222 398054 0.606061 688
 2.12121 471428 0.58651 688
 2.12121 471428 0.606061 800
 2.51222 398054 0.606061 688
 2.12121 471428 0.606061 688
 2.51222 471428 0.606061 688
 2.51222 398054 0.606061 688
 2.12121 398054 0.606061 688
 2.51222 398054 0.606061 688
 2.12121 471428 0.606061 988
 2.12121 398054 0.606061 688
 2.12121 471428 0.606061 677
 2.12121 471428 0.606061 677
 2.12121 471428 0.606061 677
 2.12121 471428 0.606061 677
 2.12121 471428 0.625611 977
 2.12121 471428 0.625611 677
 2.12121 398054 0.606061 677
 2.51222 398054 0.625611 677
 2.12121 398054 0.606061 677
 2.12121 398054 0.58651 677
 2.12121 471428 0.606061 677
 2.12121 471428 0.606061 677
 2.12121 471428 0.606061 677
 2.51222 471428 0.625611 677
 2.12121 471428 0.606061 666
 2.51222 471428 0.606061 666
 2.12121 471428 0.625611 655
 2.51222 471428 0.606061 655
 2.12121 471428 0.606061 633
 2.12121 471428 0.625611 633
 2.12121 471428 0.606061 622
 2.12121 398054 0.58651 600
 1.7302 577966 0.625611 600
 2.51222 471428 0.606061 600
 2.51222 398054 0.58651 900
 2.12121 577966 0.606061 900
 2.12121 471428 0.606061 600
 2.51222 471428 0.606061 600
 2.12121 398054 0.606061 600
 2.51222 471428 0.606061 600
 2.51222 398054 0.606061 600
 2.12121 471428 0.625611 600
 2.51222 398054 0.606061 599
 2.51222 471428 0.606061 599
 2.12121 471428 0.606061 600
 2.12121 471428 0.606061 600
 2.12121 471428 0.606061 900
 2.12121 471428 0.606061 600
 2.12121 471428 0.58651 600
 2.12121 471428 0.606061 600
 2.12121 471428 0.606061 900
 2.12121 471428 0.606061 900
 2.12121 471428 0.58651 600
 2.12121 471428 0.606061 900
 2.12121 577966 0.58651 911
 2.12121 471428 0.606061 622
 2.12121 577966 0.606061 622
 2.12121 471428 0.58651 622
 2.12121 471428 0.606061 622
 2.12121 471428 0.606061 622
 2.12121 471428 0.58651 622
 2.51222 471428 0.606061 22
 2.12121 471428 0.606061 622
 1.7302 471428 0.58651 622
 2.12121 471428 0.606061 622
 2.12121 471428 0.606061 822
 2.12121 471428 0.606061 922
 2.12121 471428 0.606061 622
 2.12121 577966 0.606061 622
 2.12121 471428 0.606061 622


# name: t
# type: range
# base, limit, increment
0.5 50 0.5


