# Created by Octave 4.0.0, Wed Jun 08 14:44:33 2016 BRT <ia368n@ia368n-VirtualBox>
# name: measurements
# type: matrix
# rows: 100
# columns: 4
 1.7302 746715 0.508309 799
 -1 6017650 0.58651 799
 -1 6017650 0.58651 799
 -1 6017650 0.58651 799
 1.3392 6017650 0.58651 799
 -1 577966 0.527859 799
 1.3392 1054640 0.54741 799
 -1 1054640 0.56696 799
 2.12121 471428 0.508309 799
 2.12121 471428 0.508309 799
 2.12121 471428 0.508309 799
 1.3392 1794740 0.527859 799
 1.3392 1054640 0.54741 799
 -1 1794740 0.58651 799
 -1 6017650 0.58651 799
 -1 6017650 0.58651 799
 -1 746715 0.56696 799
 -1 746715 0.56696 799
 2.12121 577966 0.508309 999
 2.12121 577966 0.508309 99
 -1 6017650 0.58651 889
 2.12121 471428 0.508309 899
 2.12121 577966 0.508309 99
 2.12121 577966 0.508309 899
 2.12121 577966 0.508309 799
 2.12121 577966 0.508309 999
 2.12121 577966 0.508309 899
 2.12121 577966 0.508309 999
 2.12121 577966 0.508309 99
 1.3392 1794740 0.54741 799
 1.7302 471428 0.508309 899
 1.7302 577966 0.508309 99
 1.7302 577966 0.488759 988
 1.7302 577966 0.508309 700
 1.7302 577966 0.508309 799
 1.7302 577966 0.508309 899
 1.7302 577966 0.508309 799
 1.7302 577966 0.508309 999
 1.7302 577966 0.508309 799
 1.7302 577966 0.508309 700
 1.7302 577966 0.508309 999
 1.7302 577966 0.508309 899
 1.7302 577966 0.488759 700
 1.7302 577966 0.508309 799
 1.7302 577966 0.508309 980
 1.7302 577966 0.508309 799
 1.7302 577966 0.488759 99
 -1 -1 0.56696 899
 1.7302 577966 0.488759 799
 1.7302 577966 0.488759 99
 -1 6017650 0.58651 799
 1.7302 746715 0.488759 899
 -1 -1 0.58651 799
 1.7302 746715 0.488759 799
 1.7302 746715 0.488759 799
 1.7302 577966 0.488759 999
 -1 1794740 0.508309 799
 1.7302 746715 0.488759 899
 1.3392 746715 0.488759 99
 1.7302 746715 0.488759 799
 1.3392 746715 0.488759 999
 1.3392 1054640 0.488759 799
 1.3392 1054640 0.488759 988
 -1 1794740 0.508309 99
 1.3392 1054640 0.488759 99
 -1 6017650 0.58651 799
 -1 1794740 0.508309 799
 -1 1794740 0.508309 800
 -1 6017650 0.508309 800
 -1 6017650 0.527859 800
 -1 6017650 0.527859 800
 -1 6017650 0.527859 800
 -1 6017650 0.527859 800
 -1 -1 0.54741 880
 -1 6017650 0.54741 800
 -1 -1 0.54741 800
 -1 -1 0.54741 800
 -1 -1 0.56696 800
 -1 1054640 0.54741 900
 -1 -1 0.56696 800
 -1 -1 0.54741 800
 -1 -1 0.54741 700
 -1 1054640 0.54741 799
 -1 -1 0.56696 799
 -1 -1 0.56696 799
 -1 -1 0.56696 700
 -1 -1 0.56696 799
 -1 -1 0.56696 979
 -1 -1 0.56696 799
 -1 -1 0.56696 799
 -1 -1 0.56696 799
 -1 6017650 0.56696 799
 -1 -1 0.56696 799
 -1 -1 0.56696 799
 -1 -1 0.56696 999
 -1 1794740 0.508309 799
 -1 1794740 0.54741 799
 -1 -1 0.56696 799
 -1 -1 0.56696 99
 -1 -1 0.56696 799


# name: t
# type: range
# base, limit, increment
0.5 50 0.5


