# Created by Octave 4.0.0, Mon May 30 11:42:17 2016 BRT <ia368n@ia368n-VirtualBox>
# name: measurements
# type: matrix
# rows: 1
# columns: 5
 NaN NaN NaN NaN NaN


