# Created by Octave 4.0.0, Fri Jun 03 21:04:09 2016 BRT <ia368n@ia368n-VirtualBox>
# name: measurements
# type: matrix
# rows: 20
# columns: 4
 -1 1054640 0.56696 722
 -1 1054640 0.56696 722
 1.3392 746715 0.56696 733
 -1 1054640 0.56696 733
 1.3392 746715 0.54741 744
 1.7302 746715 0.56696 733
 1.3392 746715 0.56696 733
 1.3392 746715 0.56696 733
 -1 746715 0.56696 733
 1.3392 1054640 0.56696 733
 1.3392 746715 0.56696 733
 1.3392 746715 0.54741 733
 1.3392 746715 0.54741 733
 1.3392 746715 0.56696 733
 1.3392 746715 0.54741 733
 -1 1054640 0.56696 733
 1.3392 746715 0.56696 733
 -1 1054640 0.56696 733
 1.3392 746715 0.54741 99
 1.3392 746715 0.54741 700


# name: t
# type: range
# base, limit, increment
0.5 10 0.5


