# Created by Octave 4.0.0, Fri Jun 03 21:16:46 2016 BRT <ia368n@ia368n-VirtualBox>
# name: measurements
# type: matrix
# rows: 100
# columns: 4
 1.7302 746715 0.56696 822
 1.3392 746715 0.56696 977
 1.3392 1054640 0.56696 977
 1.3392 577966 0.54741 799
 1.3392 746715 0.56696 788
 1.3392 577966 0.54741 766
 1.3392 746715 0.58651 66
 1.3392 746715 0.56696 766
 1.3392 746715 0.56696 55
 1.3392 746715 0.56696 766
 1.3392 1054640 0.56696 766
 -1 746715 0.56696 766
 -1 746715 0.56696 66
 1.7302 746715 0.56696 766
 1.3392 1054640 0.56696 766
 -1 746715 0.56696 766
 1.3392 746715 0.56696 655
 1.3392 1054640 0.56696 755
 1.3392 746715 0.56696 755
 -1 1054640 0.56696 744
 1.3392 746715 0.54741 744
 1.3392 746715 0.54741 744
 1.3392 746715 0.56696 744
 -1 746715 0.56696 744
 -1 746715 0.56696 977
 1.3392 1054640 0.56696 744
 1.3392 746715 0.56696 44
 -1 1054640 0.56696 744
 1.3392 746715 0.56696 744
 1.3392 746715 0.56696 744
 1.3392 746715 0.54741 744
 1.3392 1054640 0.56696 744
 1.7302 1054640 0.56696 744
 1.3392 746715 0.56696 744
 1.3392 746715 0.56696 744
 -1 746715 0.56696 744
 1.3392 746715 0.56696 744
 1.3392 746715 0.527859 744
 1.3392 746715 0.56696 744
 1.3392 746715 0.56696 744
 1.3392 1054640 0.56696 744
 1.3392 746715 0.56696 9
 -1 1054640 0.56696 744
 1.3392 746715 0.54741 444
 1.3392 746715 0.56696 744
 -1 746715 0.56696 744
 1.3392 746715 0.56696 755
 1.3392 1054640 0.56696 755
 -1 746715 0.56696 766
 -1 1054640 0.56696 766
 1.3392 1054640 0.56696 777
 1.3392 746715 0.54741 955
 1.3392 746715 0.56696 799
 1.3392 746715 0.54741 9
 1.3392 746715 0.54741 500
 1.3392 746715 0.54741 811
 1.3392 746715 0.56696 811
 1.3392 746715 0.56696 800
 1.3392 746715 0.56696 800
 1.3392 577966 0.56696 800
 1.3392 746715 0.56696 955
 1.3392 746715 0.56696 988
 1.3392 746715 0.56696 800
 1.3392 577966 0.54741 800
 1.3392 1054640 0.56696 700
 1.3392 746715 0.56696 788
 1.3392 577966 0.54741 788
 1.7302 746715 0.54741 788
 1.3392 746715 0.54741 777
 1.3392 1054640 0.56696 955
 -1 1054640 0.56696 777
 1.7302 746715 0.54741 777
 -1 746715 0.56696 777
 -1 1054640 0.56696 777
 1.3392 746715 0.54741 777
 1.3392 746715 0.54741 777
 1.3392 746715 0.54741 777
 1.3392 746715 0.56696 777
 1.3392 1054640 0.56696 677
 -1 746715 0.56696 788
 -1 746715 0.56696 9
 1.3392 746715 0.56696 968
 1.3392 746715 0.56696 788
 1.3392 746715 0.56696 788
 1.3392 746715 0.56696 788
 -1 1054640 0.56696 788
 1.7302 577966 0.56696 788
 1.3392 746715 0.56696 788
 1.3392 746715 0.54741 788
 1.3392 746715 0.54741 9
 1.7302 577966 0.56696 788
 1.3392 577966 0.54741 788
 1.3392 746715 0.56696 788
 1.7302 746715 0.56696 788
 1.3392 746715 0.58651 788
 1.7302 577966 0.54741 8
 1.3392 746715 0.58651 788
 1.3392 577966 0.56696 977
 1.3392 577966 0.58651 788
 1.7302 577966 0.58651 788


# name: t
# type: range
# base, limit, increment
0.5 50 0.5


