# Created by Octave 4.0.0, Mon May 30 12:13:19 2016 BRT <ia368n@ia368n-VirtualBox>
# name: measurements
# type: matrix
# rows: 100
# columns: 4
 1.3392 746715 0.606061 766
 1.7302 471428 0.58651 766
 2.12121 577966 0.56696 766
 1.7302 577966 0.58651 766
 1.7302 471428 0.56696 777
 1.3392 746715 0.58651 777
 1.3392 577966 0.58651 777
 2.12121 471428 0.56696 777
 1.3392 577966 0.58651 777
 1.7302 577966 0.58651 777
 1.3392 746715 0.58651 777
 1.3392 746715 0.606061 777
 2.12121 577966 0.56696 777
 1.3392 746715 0.58651 77
 1.7302 746715 0.56696 777
 1.3392 746715 0.606061 977
 1.3392 746715 0.606061 777
 1.3392 746715 0.58651 777
 1.7302 577966 0.56696 777
 2.12121 577966 0.56696 777
 2.12121 471428 0.56696 777
 1.7302 471428 0.56696 777
 1.7302 577966 0.56696 777
 1.3392 746715 0.56696 777
 1.3392 746715 0.56696 777
 1.7302 577966 0.54741 777
 1.3392 746715 0.58651 788
 1.7302 577966 0.56696 788
 1.7302 577966 0.56696 788
 1.3392 746715 0.58651 788
 1.7302 577966 0.56696 788
 1.3392 1054640 0.56696 788
 1.3392 746715 0.58651 788
 1.3392 746715 0.606061 788
 1.7302 577966 0.54741 788
 1.7302 577966 0.54741 788
 -1 746715 0.58651 788
 1.3392 577966 0.58651 788
 -1 1054640 0.58651 788
 1.7302 577966 0.54741 788
 1.3392 746715 0.58651 788
 -1 1054640 0.58651 788
 -1 746715 0.58651 888
 1.7302 577966 0.56696 788
 1.3392 746715 0.58651 788
 1.7302 577966 0.54741 788
 1.3392 1054640 0.58651 788
 1.7302 577966 0.56696 788
 1.7302 577966 0.54741 788
 -1 1054640 0.58651 788
 -1 746715 0.58651 788
 -1 746715 0.58651 788
 1.7302 577966 0.54741 788
 1.7302 746715 0.58651 788
 1.3392 746715 0.606061 788
 -1 746715 0.58651 788
 1.7302 746715 0.56696 788
 -1 1054640 0.58651 888
 -1 1054640 0.58651 788
 1.7302 577966 0.54741 777
 2.12121 577966 0.54741 777
 1.3392 746715 0.56696 777
 -1 1054640 0.58651 777
 1.3392 746715 0.56696 777
 -1 1054640 0.58651 777
 1.7302 577966 0.54741 777
 -1 1054640 0.56696 777
 1.3392 746715 0.56696 777
 1.7302 746715 0.54741 777
 1.3392 746715 0.56696 777
 1.7302 577966 0.54741 777
 1.7302 577966 0.54741 777
 1.3392 1054640 0.58651 777
 1.3392 1054640 0.58651 777
 1.3392 1054640 0.58651 777
 1.7302 577966 0.54741 777
 -1 1054640 0.58651 777
 -1 1054640 0.58651 777
 1.3392 746715 0.54741 7
 -1 1054640 0.58651 766
 1.3392 577966 0.56696 766
 -1 746715 0.58651 766
 1.3392 1054640 0.56696 766
 1.7302 746715 0.56696 6
 1.7302 577966 0.54741 766
 -1 1054640 0.58651 766
 -1 746715 0.58651 766
 1.7302 577966 0.58651 766
 1.7302 577966 0.54741 766
 1.3392 1054640 0.56696 766
 -1 1054640 0.58651 766
 1.7302 577966 0.56696 766
 1.3392 577966 0.56696 766
 -1 1054640 0.58651 766
 1.3392 577966 0.54741 0
 -1 1054640 0.58651 766
 1.7302 577966 0.54741 766
 1.3392 577966 0.56696 766
 1.7302 577966 0.54741 766
 1.7302 577966 0.54741 66


