# Created by Octave 4.0.0, Mon May 30 12:10:45 2016 BRT <ia368n@ia368n-VirtualBox>
# name: measurements
# type: matrix
# rows: 100
# columns: 4
 -1 6017650 0.527859 0
 1.3392 1794740 0.488759 0
 -1 6017650 0.527859 0
 -1 1794740 0.508309 0
 1.3392 746715 0.508309 0
 -1 -1 0.56696 0
 -1 -1 0.54741 0
 -1 6017650 0.508309 0
 -1 6017650 0.508309 0
 1.3392 1054640 0.56696 0
 -1 1794740 0.54741 0
 -1 -1 0.54741 0
 -1 6017650 0.54741 0
 -1 1794740 0.54741 0
 -1 6017650 0.56696 0
 1.3392 746715 0.488759 966
 -1 -1 0.56696 966
 1.3392 1054640 0.488759 966
 -1 1054640 0.527859 966
 -1 -1 0.508309 966
 1.3392 746715 0.488759 966
 -1 -1 0.54741 966
 -1 746715 0.488759 966
 -1 -1 0.56696 966
 -1 1794740 0.508309 666
 1.3392 746715 0.488759 966
 -1 6017650 0.56696 966
 -1 1054640 0.508309 966
 -1 6017650 0.56696 966
 -1 -1 0.56696 966
 1.3392 746715 0.488759 966
 -1 6017650 0.56696 966
 -1 6017650 0.527859 966
 -1 6017650 0.56696 966
 -1 6017650 0.488759 966
 -1 1794740 0.54741 966
 -1 -1 0.56696 966
 -1 1794740 0.56696 666
 -1 1794740 0.56696 966
 -1 1794740 0.56696 966
 1.3392 746715 0.488759 966
 -1 1794740 0.508309 966
 -1 1794740 0.54741 966
 -1 6017650 0.58651 966
 -1 746715 0.508309 966
 1.3392 1054640 0.488759 977
 -1 1054640 0.54741 977
 -1 6017650 0.527859 977
 -1 746715 0.508309 977
 -1 1054640 0.527859 677
 -1 6017650 0.508309 977
 1.3392 1794740 0.508309 977
 -1 1054640 0.54741 977
 1.3392 746715 0.488759 977
 -1 1054640 0.527859 977
 -1 746715 0.488759 977
 -1 1054640 0.508309 977
 -1 1794740 0.54741 900
 -1 -1 0.508309 977
 -1 1054640 0.508309 977
 -1 6017650 0.527859 977
 -1 746715 0.508309 977
 -1 1794740 0.56696 977
 -1 746715 0.508309 977
 -1 -1 0.56696 977
 -1 -1 0.508309 977
 -1 746715 0.508309 677
 -1 6017650 0.508309 977
 -1 -1 0.56696 977
 -1 746715 0.508309 977
 -1 746715 0.508309 977
 -1 -1 0.56696 977
 -1 1054640 0.508309 977
 1.3392 1054640 0.488759 977
 -1 746715 0.488759 860
 -1 1054640 0.508309 977
 -1 -1 0.54741 977
 -1 1794740 0.488759 977
 -1 1054640 0.527859 977
 1.3392 -1 0.54741 977
 -1 1794740 0.508309 977
 -1 746715 0.488759 900
 -1 6017650 0.56696 977
 -1 1794740 0.56696 977
 -1 -1 0.56696 977
 -1 1054640 0.508309 977
 -1 1794740 0.508309 977
 1.3392 1054640 0.56696 977
 -1 6017650 0.527859 977
 -1 1794740 0.56696 977
 1.3392 746715 0.488759 977
 -1 6017650 0.527859 977
 -1 1794740 0.54741 977
 -1 -1 0.54741 977
 -1 1054640 0.508309 977
 -1 -1 0.54741 977
 1.3392 1054640 0.488759 977
 -1 1794740 0.488759 977
 -1 1794740 0.56696 977
 -1 746715 0.508309 77


