# Created by Octave 4.0.0, Tue Jun 07 12:12:37 2016 BRT <ia368n@ia368n-VirtualBox>
# name: measurements
# type: matrix
# rows: 100
# columns: 4
 1.7302 471428 0.430108 911
 -1 746715 0.508309 11
 -1 1054640 0.508309 921
 -1 1794740 0.527859 200
 -1 1794740 0.527859 511
 -1 746715 0.508309 511
 2.12121 471428 0.430108 511
 -1 -1 0.56696 511
 -1 -1 0.58651 922
 -1 -1 0.58651 200
 -1 -1 0.58651 0
 -1 -1 0.606061 511
 -1 -1 0.606061 200
 -1 6017650 0.54741 100
 -1 -1 0.58651 511
 -1 -1 0.58651 511
 -1 -1 0.58651 100
 -1 -1 0.58651 511
 -1 -1 0.58651 0
 -1 -1 0.56696 0
 -1 -1 0.54741 500
 -1 -1 0.54741 0
 -1 -1 0.58651 0
 -1 -1 0.488759 200
 -1 -1 0.508309 500
 -1 -1 0.488759 500
 -1 6017650 0.449658 922
 -1 6017650 0.449658 200
 -1 -1 0.469208 500
 -1 6017650 0.469208 922
 -1 6017650 0.469208 500
 1.3392 1794740 0.449658 0
 1.7302 1054640 0.430108 922
 2.12121 746715 0.430108 200
 2.12121 577966 0.430108 0
 1.7302 1054640 0.430108 920
 2.12121 577966 0.410557 200
 1.7302 1054640 0.430108 0
 1.7302 471428 0.430108 922
 1.7302 577966 0.430108 500
 1.3392 577966 0.469208 500
 -1 -1 0.488759 500
 2.12121 577966 0.410557 500
 -1 -1 0.58651 500
 -1 -1 0.488759 500
 1.7302 471428 0.430108 500
 -1 -1 0.56696 500
 1.7302 1054640 0.430108 500
 2.12121 577966 0.410557 500
 -1 -1 0.58651 0
 1.7302 471428 0.430108 200
 1.3392 577966 0.449658 200
 1.7302 471428 0.430108 0
 1.7302 471428 0.430108 500
 1.7302 471428 0.430108 0
 1.7302 471428 0.449658 0
 1.7302 471428 0.430108 200
 -1 577966 0.469208 200
 1.7302 1054640 0.430108 0
 1.7302 471428 0.430108 200
 2.12121 746715 0.410557 500
 1.7302 577966 0.430108 0
 1.7302 471428 0.430108 920
 1.3392 577966 0.469208 200
 1.3392 471428 0.469208 0
 1.7302 471428 0.430108 200
 1.7302 471428 0.430108 200
 1.7302 471428 0.430108 0
 1.7302 471428 0.449658 200
 1.7302 471428 0.430108 500
 1.7302 471428 0.430108 500
 1.3392 577966 0.469208 200
 1.3392 577966 0.469208 0
 1.7302 471428 0.449658 900
 -1 -1 0.58651 500
 -1 577966 0.508309 500
 1.7302 577966 0.449658 500
 -1 577966 0.469208 500
 -1 1054640 0.527859 500
 -1 -1 0.58651 500
 1.7302 577966 0.430108 500
 -1 -1 0.54741 500
 1.7302 471428 0.410557 500
 -1 6017650 0.54741 500
 -1 -1 0.56696 500
 -1 746715 0.488759 500
 -1 -1 0.527859 500
 1.7302 1054640 0.430108 200
 -1 6017650 0.527859 500
 2.12121 746715 0.410557 500
 1.7302 577966 0.449658 500
 -1 -1 0.58651 500
 -1 1054640 0.527859 500
 -1 6017650 0.58651 500
 -1 6017650 0.54741 0
 1.7302 746715 0.58651 500
 1.7302 577966 0.54741 500
 -1 6017650 0.527859 500
 -1 -1 0.56696 500
 1.3392 577966 0.449658 500


# name: t
# type: range
# base, limit, increment
0.5 50 0.5


