# Created by Octave 4.0.0, Wed Jun 08 14:59:48 2016 BRT <ia368n@ia368n-VirtualBox>
# name: measurements
# type: matrix
# rows: 100
# columns: 4
 -1 -1 0.606061 611
 2.51222 577966 0.449658 911
 1.7302 1054640 0.488759 911
 2.12121 577966 0.449658 622
 2.12121 746715 0.449658 22
 2.12121 577966 0.449658 622
 2.12121 398054 0.488759 622
 -1 -1 0.606061 622
 2.12121 577966 0.449658 622
 -1 -1 0.56696 622
 2.51222 577966 0.449658 622
 -1 -1 0.606061 611
 -1 6017650 0.488759 611
 1.7302 471428 0.527859 611
 2.12121 6017650 0.508309 611
 -1 577966 0.488759 611
 -1 577966 0.527859 611
 -1 1054640 0.469208 611
 1.7302 471428 0.58651 611
 -1 577966 0.527859 911
 1.3392 -1 0.508309 11
 -1 -1 0.606061 611
 -1 6017650 0.58651 611
 -1 1794740 0.58651 611
 2.12121 398054 0.488759 611
 2.51222 398054 0.449658 611
 1.3392 6017650 0.508309 900
 -1 -1 0.54741 622
 -1 -1 0.54741 633
 -1 -1 0.56696 944
 -1 -1 0.56696 644
 -1 -1 0.606061 44
 -1 -1 0.58651 944
 -1 -1 0.58651 644
 -1 -1 0.606061 944
 -1 -1 0.58651 644
 -1 -1 0.606061 44
 1.7302 471428 0.488759 644
 -1 -1 0.606061 944
 -1 -1 0.606061 44
 -1 -1 0.625611 944
 -1 -1 0.606061 900
 -1 -1 0.606061 644
 -1 471428 0.54741 644
 -1 -1 0.625611 644
 1.7302 1054640 0.469208 644
 -1 -1 0.606061 644
 2.51222 471428 0.449658 644
 2.51222 471428 0.469208 644
 -1 1794740 0.58651 644
 -1 1054640 0.56696 900
 -1 1054640 0.56696 300
 -1 1794740 0.58651 633
 -1 746715 0.56696 633
 -1 577966 0.54741 633
 -1 577966 0.54741 633
 1.3392 1794740 0.488759 633
 1.7302 471428 0.488759 633
 1.3392 471428 0.527859 933
 1.3392 471428 0.527859 33
 1.7302 471428 0.508309 633
 1.7302 471428 0.488759 33
 1.7302 471428 0.508309 633
 2.12121 398054 0.488759 0
 2.12121 471428 0.488759 933
 2.12121 398054 0.469208 900
 2.12121 398054 0.469208 33
 2.12121 398054 0.469208 633
 2.12121 398054 0.469208 900
 2.12121 398054 0.469208 333
 2.12121 398054 0.469208 933
 2.12121 398054 0.469208 633
 -1 -1 0.58651 633
 2.12121 398054 0.469208 633
 2.51222 577966 0.449658 633
 2.12121 577966 0.449658 633
 2.12121 746715 0.469208 644
 1.7302 471428 0.488759 600
 -1 6017650 0.58651 644
 2.12121 577966 0.449658 644
 1.3392 471428 0.527859 644
 2.12121 577966 0.449658 644
 -1 -1 0.508309 644
 -1 1054640 0.469208 644
 -1 -1 0.527859 644
 -1 -1 0.469208 644
 -1 746715 0.56696 644
 1.7302 471428 0.508309 644
 1.7302 471428 0.488759 644
 2.12121 577966 0.449658 633
 -1 -1 0.527859 633
 -1 -1 0.56696 633
 -1 746715 0.56696 633
 1.7302 1794740 0.488759 633
 2.12121 398054 0.488759 633
 2.12121 398054 0.488759 600
 2.12121 471428 0.469208 933
 2.12121 471428 0.469208 933
 2.12121 398054 0.469208 33
 2.12121 398054 0.469208 633


# name: t
# type: range
# base, limit, increment
0.5 50 0.5


