# Created by Octave 4.0.0, Wed Jun 08 14:53:19 2016 BRT <ia368n@ia368n-VirtualBox>
# name: measurements
# type: matrix
# rows: 100
# columns: 4
 6.03128 155708 0.723363 822
 6.42229 146772 0.703812 922
 6.03128 155708 0.723363 811
 5.24927 155708 0.723363 811
 3.68524 223851 0.8015640000000001 811
 6.81329 155708 0.684262 811
 6.81329 155708 0.703812 811
 6.81329 165802 0.703812 811
 6.81329 165802 0.703812 811
 5.64027 223851 0.782014 811
 4.07625 245324 0.860215 981
 4.07625 245324 0.860215 801
 4.07625 245324 0.860215 11
 3.68524 245324 0.860215 811
 3.68524 245324 0.840665 801
 3.68524 271353 0.840665 811
 3.68524 271353 0.821114 811
 3.68524 271353 0.840665 988
 3.29423 245324 0.821114 11
 3.29423 271353 0.821114 988
 3.68524 223851 0.782014 111
 3.29423 271353 0.821114 11
 6.42229 155708 0.664712 822
 4.07625 190503 0.782014 822
 3.29423 271353 0.821114 22
 3.29423 271353 0.821114 833
 3.29423 271353 0.8015640000000001 803
 3.68524 245324 0.8015640000000001 844
 3.68524 245324 0.8015640000000001 855
 3.68524 245324 0.821114 800
 3.68524 245324 0.8015640000000001 855
 6.42229 165802 0.664712 855
 4.07625 190503 0.762463 855
 3.68524 245324 0.8015640000000001 55
 3.29423 271353 0.821114 855
 3.68524 271353 0.821114 855
 3.29423 271353 0.8015640000000001 855
 3.29423 271353 0.8015640000000001 855
 3.29423 271353 0.8015640000000001 988
 3.29423 271353 0.8015640000000001 855
 3.68524 344444 0.8015640000000001 955
 5.64027 190503 0.664712 855
 3.29423 245324 0.8015640000000001 855
 3.29423 303561 0.8015640000000001 855
 3.29423 303561 0.8015640000000001 844
 3.29423 303561 0.8015640000000001 844
 2.90323 303561 0.8015640000000001 844
 2.90323 303561 0.8015640000000001 822
 2.90323 303561 0.8015640000000001 822
 2.90323 303561 0.8015640000000001 811
 2.90323 344444 0.8015640000000001 799
 2.90323 303561 0.8015640000000001 9
 2.90323 303561 0.8015640000000001 788
 2.90323 303561 0.8015640000000001 777
 2.90323 303561 0.782014 755
 2.90323 344444 0.8015640000000001 755
 2.90323 344444 0.8015640000000001 744
 2.90323 303561 0.8015640000000001 94
 4.85826 177296 0.703812 744
 6.03128 177296 0.625611 744
 4.85826 177296 0.703812 744
 4.46725 271353 0.684262 744
 4.07625 190503 0.723363 755
 2.90323 303561 0.782014 55
 2.90323 303561 0.782014 966
 2.90323 271353 0.782014 666
 2.90323 271353 0.762463 66
 6.03128 190503 0.625611 777
 2.90323 271353 0.762463 788
 5.64027 205835 0.625611 788
 3.68524 205835 0.723363 799
 4.46725 303561 0.684262 799
 5.24927 165802 0.664712 800
 3.68524 223851 0.742913 400
 3.68524 205835 0.742913 800
 3.68524 223851 0.762463 9
 4.85826 177296 0.703812 800
 4.85826 190503 0.703812 800
 5.64027 177296 0.645161 9
 5.64027 177296 0.645161 800
 3.68524 344444 0.742913 800
 2.90323 398054 0.782014 800
 2.51222 398054 0.782014 800
 2.51222 303561 0.782014 800
 3.68524 223851 0.742913 800
 4.85826 177296 0.684262 0
 6.03128 177296 0.625611 400
 6.03128 177296 0.625611 800
 5.64027 190503 0.625611 811
 5.64027 190503 0.625611 311
 5.24927 223851 0.645161 811
 5.64027 190503 0.625611 811
 5.64027 190503 0.625611 944
 5.24927 223851 0.625611 111
 2.51222 344444 0.782014 0
 4.85826 245324 0.645161 800
 4.85826 245324 0.645161 709
 4.46725 271353 0.645161 9
 4.46725 271353 0.664712 788
 4.46725 303561 0.664712 707


# name: t
# type: range
# base, limit, increment
0.5 50 0.5


