# Created by Octave 4.0.0, Fri Jun 03 21:11:01 2016 BRT <ia368n@ia368n-VirtualBox>
# name: measurements
# type: matrix
# rows: 300
# columns: 4
 -1 1054640 0.56696 844
 -1 1054640 0.58651 644
 -1 746715 0.56696 833
 -1 1054640 0.56696 966
 1.3392 1054640 0.54741 833
 -1 245324 0.645161 833
 -1 245324 0.664712 633
 -1 -1 0.782014 833
 6.42229 146772 0.307918 833
 -1 205835 0.606061 833
 -1 -1 0.54741 833
 -1 -1 0.723363 966
 6.42229 190503 0.288368 8
 -1 -1 0.782014 811
 4.07625 6017650 0.430108 811
 -1 -1 0.762463 811
 5.24927 146772 0.391007 811
 5.24927 146772 0.391007 811
 -1 -1 0.840665 811
 4.07625 6017650 0.410557 811
 -1 -1 0.762463 711
 -1 245324 0.645161 8
 6.81329 155708 0.288368 811
 -1 398054 0.703812 811
 -1 -1 0.782014 811
 4.85826 344444 0.391007 811
 -1 -1 0.840665 811
 6.42229 146772 0.288368 8
 -1 -1 0.645161 811
 5.24927 146772 0.391007 977
 4.46725 471428 0.391007 8
 6.81329 190503 0.293255 11
 6.81329 190503 0.293255 811
 6.42229 190503 0.312805 8
 6.42229 205835 0.312805 811
 -1 577966 0.703812 811
 1.7302 190503 0.56696 811
 6.03128 223851 0.332356 0
 6.03128 205835 0.332356 811
 -1 271353 0.664712 811
 5.64027 245324 0.351906 811
 6.03128 205835 0.332356 977
 6.03128 205835 0.332356 7
 5.24927 245324 0.371457 777
 1.3392 -1 0.527859 777
 -1 245324 0.684262 777
 3.68524 165802 0.288368 766
 -1 746715 0.742913 744
 4.46725 -1 0.8015640000000001 744
 3.68524 -1 0.762463 733
 4.07625 155708 0.449658 733
 6.03128 205835 0.840665 733
 6.42229 190503 0.391007 733
 6.42229 155708 0.762463 733
 -1 -1 0.821114 733
 4.07625 1054640 0.410557 733
 -1 -1 0.762463 744
 -1 -1 0.840665 744
 -1 -1 0.840665 744
 -1 -1 0.56696 744
 -1 -1 0.762463 744
 7.2043 177296 0.288368 755
 5.24927 146772 0.410557 755
 -1 -1 0.8015640000000001 766
 6.81329 177296 0.288368 766
 -1 -1 0.664712 666
 -1 303561 0.684262 66
 1.3392 -1 0.54741 977
 6.03128 146772 0.332356 766
 6.81329 155708 0.288368 766
 -1 -1 0.684262 777
 -1 -1 0.821114 788
 6.42229 205835 0.312805 788
 -1 398054 0.703812 788
 6.03128 205835 0.312805 788
 -1 -1 0.821114 88
 -1 -1 0.684262 979
 -1 -1 0.645161 7
 5.64027 223851 0.332356 799
 5.64027 223851 0.332356 700
 -1 -1 0.664712 800
 -1 -1 0.703812 0
 6.03128 146772 0.351906 799
 5.24927 245324 0.351906 799
 -1 -1 0.821114 799
 -1 471428 0.703812 799
 -1 -1 0.821114 799
 6.81329 155708 0.288368 799
 -1 -1 0.742913 799
 6.03128 223851 0.332356 799
 -1 -1 0.782014 799
 -1 -1 0.723363 799
 6.81329 155708 0.288368 799
 3.68524 155708 0.469208 799
 -1 223851 0.645161 799
 1.3392 -1 0.527859 7
 -1 -1 0.762463 9
 7.2043 155708 0.288368 799
 -1 -1 0.860215 799
 -1 -1 0.664712 799
 -1 -1 0.840665 799
 3.29423 -1 0.469208 7
 -1 -1 0.645161 799
 6.42229 138806 0.332356 799
 5.24927 245324 0.371457 799
 6.42229 205835 0.332356 799
 -1 -1 0.860215 60
 -1 -1 0.840665 799
 6.81329 190503 0.312805 799
 7.2043 165802 0.288368 799
 -1 -1 0.840665 799
 -1 -1 0.58651 799
 6.42229 190503 0.332356 799
 -1 -1 0.840665 799
 5.64027 245324 0.351906 799
 4.46725 398054 0.410557 799
 -1 -1 0.860215 799
 -1 -1 0.860215 9
 4.07625 1054640 0.410557 799
 -1 -1 0.664712 607
 -1 -1 0.8015640000000001 799
 -1 -1 0.840665 799
 -1 -1 0.840665 600
 5.24927 271353 0.371457 800
 -1 -1 0.821114 700
 -1 -1 0.762463 800
 -1 -1 0.8015640000000001 800
 -1 -1 0.8015640000000001 700
 -1 -1 0.742913 800
 6.42229 155708 0.288368 800
 -1 -1 0.821114 977
 -1 -1 0.782014 800
 -1 -1 0.782014 0
 -1 -1 0.723363 700
 6.42229 177296 0.288368 800
 6.81329 177296 0.288368 800
 -1 -1 0.8015640000000001 700
 -1 1054640 0.723363 700
 -1 -1 0.840665 800
 5.24927 245324 0.351906 700
 -1 -1 0.840665 708
 -1 -1 0.840665 800
 -1 245324 0.684262 800
 -1 303561 0.703812 700
 -1 -1 0.54741 800
 4.85826 303561 0.391007 799
 1.3392 -1 0.527859 799
 2.12121 177296 0.54741 799
 -1 -1 0.821114 799
 -1 -1 0.840665 799
 3.68524 155708 0.469208 799
 4.46725 155708 0.449658 999
 6.81329 177296 0.288368 799
 4.85826 146772 0.410557 799
 -1 -1 0.8015640000000001 799
 -1 -1 0.762463 788
 4.46725 155708 0.430108 788
 6.42229 138806 0.332356 788
 6.81329 138806 0.288368 7
 -1 -1 0.840665 788
 6.81329 146772 0.288368 977
 6.42229 190503 0.312805 788
 7.2043 165802 0.288368 788
 7.2043 155708 0.288368 788
 -1 -1 0.8015640000000001 788
 4.46725 471428 0.410557 788
 -1 -1 0.840665 788
 6.81329 190503 0.312805 888
 6.81329 177296 0.288368 0
 6.42229 146772 0.288368 977
 6.42229 146772 0.312805 707
 -1 271353 0.684262 788
 6.03128 223851 0.332356 977
 4.85826 6017650 0.430108 777
 -1 -1 0.684262 766
 6.81329 155708 0.288368 755
 6.42229 146772 0.288368 744
 4.85826 344444 0.410557 44
 4.46725 577966 0.430108 744
 -1 -1 0.840665 744
 -1 -1 0.8015640000000001 755
 4.46725 746715 0.430108 955
 4.85826 271353 0.391007 700
 -1 -1 0.840665 766
 4.07625 1054640 0.430108 766
 3.68524 -1 0.449658 766
 5.64027 245324 0.351906 0
 5.64027 245324 0.351906 977
 -1 -1 0.625611 766
 3.29423 -1 0.469208 766
 1.7302 -1 0.527859 777
 3.68524 -1 0.469208 807
 -1 -1 0.840665 777
 -1 -1 0.821114 777
 -1 -1 0.840665 777
 2.90323 -1 0.469208 0
 4.85826 146772 0.410557 777
 -1 -1 0.625611 707
 -1 -1 0.664712 77
 -1 -1 0.860215 777
 1.3392 205835 0.606061 777
 -1 -1 0.625611 77
 4.85826 146772 0.449658 777
 7.2043 155708 0.288368 777
 -1 -1 0.645161 0
 -1 -1 0.625611 777
 6.03128 138806 0.351906 777
 -1 -1 0.840665 777
 -1 -1 0.860215 777
 5.64027 245324 0.371457 777
 4.46725 577966 0.410557 777
 -1 -1 0.782014 777
 4.46725 746715 0.430108 807
 2.51222 165802 0.54741 777
 4.85826 271353 0.410557 777
 -1 -1 0.684262 877
 7.2043 165802 0.312805 777
 -1 -1 0.762463 777
 -1 -1 0.860215 777
 -1 577966 0.723363 777
 -1 -1 0.840665 777
 4.07625 -1 0.449658 777
 6.03128 223851 0.351906 877
 -1 223851 0.684262 777
 3.68524 -1 0.469208 777
 3.29423 155708 0.527859 777
 -1 -1 0.840665 777
 -1 223851 0.664712 777
 3.68524 -1 0.449658 777
 -1 -1 0.860215 777
 3.29423 165802 0.508309 777
 -1 -1 0.782014 977
 -1 -1 0.840665 707
 -1 -1 0.742913 700
 -1 -1 0.860215 777
 -1 -1 0.860215 777
 5.64027 223851 0.371457 788
 7.2043 155708 0.288368 788
 3.68524 -1 0.469208 788
 -1 -1 0.860215 88
 -1 -1 0.8015640000000001 788
 3.29423 -1 0.469208 788
 3.29423 155708 0.488759 788
 4.46725 146772 0.449658 788
 -1 -1 0.860215 788
 -1 577966 0.742913 788
 2.90323 -1 0.469208 788
 7.2043 177296 0.312805 788
 6.42229 138806 0.332356 788
 -1 -1 0.8015640000000001 977
 -1 -1 0.860215 788
 6.81329 177296 0.312805 788
 -1 -1 0.840665 799
 -1 1794740 0.742913 799
 -1 271353 0.684262 0
 -1 -1 0.860215 799
 -1 -1 0.860215 807
 5.64027 245324 0.371457 799
 5.64027 245324 0.371457 799
 -1 -1 0.782014 807
 -1 -1 0.860215 799
 -1 -1 0.58651 800
 -1 -1 0.742913 800
 -1 -1 0.840665 800
 -1 -1 0.860215 800
 5.64027 146772 0.410557 800
 -1 -1 0.840665 800
 6.03128 223851 0.371457 800
 4.07625 -1 0.449658 811
 -1 -1 0.821114 811
 -1 577966 0.742913 811
 -1 205835 0.645161 811
 4.07625 155708 0.488759 811
 -1 -1 0.840665 988
 -1 -1 0.8015640000000001 2
 -1 -1 0.821114 822
 5.24927 271353 0.410557 811
 -1 -1 0.782014 800
 -1 -1 0.821114 799
 6.42229 205835 0.351906 799
 -1 -1 0.8015640000000001 799
 -1 -1 0.8015640000000001 799
 4.46725 746715 0.430108 799
 -1 398054 0.723363 799
 1.7302 177296 0.58651 788
 -1 577966 0.742913 888
 -1 -1 0.860215 788
 -1 -1 0.293255 788
 5.64027 223851 0.371457 788
 -1 -1 0.762463 988
 4.07625 1794740 0.449658 788
 -1 -1 0.762463 888
 -1 -1 0.723363 788
 -1 -1 0.8015640000000001 788
 1.3392 205835 0.645161 888
 2.90323 177296 0.54741 788
 -1 -1 0.54741 788
 4.46725 1794740 0.449658 788
 6.42229 190503 0.332356 788
 5.24927 271353 0.391007 788


# name: t
# type: range
# base, limit, increment
0.5 150 0.5


