# Created by Octave 4.0.0, Fri Jun 03 20:57:19 2016 BRT <ia368n@ia368n-VirtualBox>
# name: measurements
# type: matrix
# rows: 15
# columns: 4
 1.7302 577966 0.606061 755
 2.51222 398054 0.58651 755
 2.12121 471428 0.606061 755
 2.51222 398054 0.58651 755
 2.12121 471428 0.606061 755
 2.12121 471428 0.606061 755
 2.12121 471428 0.606061 555
 2.51222 471428 0.58651 0
 2.12121 471428 0.606061 755
 1.7302 577966 0.625611 755
 2.12121 471428 0.606061 755
 1.7302 577966 0.606061 755
 2.51222 398054 0.58651 755
 1.7302 577966 0.606061 755
 1.7302 577966 0.625611 0


# name: t
# type: range
# base, limit, increment
0.5 7.5 0.5


