# Created by Octave 4.0.0, Fri Jun 03 21:01:12 2016 BRT <ia368n@ia368n-VirtualBox>
# name: measurements
# type: matrix
# rows: 300
# columns: 4
 1.7302 577966 0.606061 566
 2.12121 577966 0.58651 566
 1.7302 577966 0.58651 566
 1.7302 577966 0.58651 566
 1.3392 577966 0.606061 566
 1.3392 577966 0.606061 566
 2.12121 577966 0.58651 866
 2.12121 471428 0.58651 566
 1.7302 577966 0.58651 566
 1.3392 746715 0.606061 566
 2.12121 577966 0.58651 0
 2.12121 577966 0.58651 566
 1.7302 577966 0.56696 566
 1.7302 577966 0.58651 633
 2.12121 577966 0.58651 833
 1.7302 471428 0.56696 633
 2.12121 577966 0.58651 633
 1.7302 577966 0.58651 633
 1.7302 577966 0.58651 633
 1.3392 746715 0.58651 711
 1.7302 577966 0.58651 711
 1.3392 746715 0.58651 911
 1.3392 746715 0.58651 711
 1.3392 746715 0.58651 711
 1.7302 577966 0.58651 711
 1.7302 577966 0.58651 711
 1.3392 577966 0.58651 711
 1.7302 577966 0.58651 711
 1.3392 746715 0.58651 711
 1.3392 577966 0.58651 711
 1.7302 577966 0.56696 711
 1.7302 577966 0.58651 711
 1.7302 577966 0.56696 711
 1.7302 577966 0.58651 711
 1.7302 577966 0.58651 711
 1.7302 577966 0.58651 711
 1.7302 577966 0.58651 711
 1.3392 746715 0.58651 711
 1.7302 577966 0.56696 711
 1.3392 577966 0.58651 711
 1.7302 577966 0.58651 711
 1.7302 577966 0.56696 711
 1.7302 471428 0.58651 711
 1.3392 746715 0.58651 711
 1.3392 746715 0.58651 711
 1.3392 746715 0.58651 111
 1.7302 577966 0.56696 0
 1.3392 746715 0.58651 911
 1.3392 1054640 0.58651 701
 1.7302 577966 0.56696 711
 1.3392 1054640 0.58651 911
 1.3392 1054640 0.58651 111
 1.3392 1054640 0.58651 711
 1.7302 746715 0.56696 711
 1.3392 577966 0.56696 711
 1.3392 746715 0.56696 711
 2.12121 577966 0.54741 711
 1.3392 1054640 0.56696 711
 -1 1054640 0.58651 0
 1.7302 577966 0.56696 711
 1.7302 746715 0.54741 711
 1.3392 746715 0.56696 1
 -1 1054640 0.58651 999
 1.3392 746715 0.58651 900
 1.7302 746715 0.54741 711
 1.3392 577966 0.56696 711
 1.7302 577966 0.54741 711
 -1 1054640 0.58651 100
 1.3392 746715 0.58651 911
 1.3392 1054640 0.56696 711
 -1 746715 0.56696 100
 1.3392 746715 0.54741 711
 -1 1054640 0.56696 900
 1.3392 746715 0.58651 711
 1.3392 746715 0.56696 711
 1.3392 1054640 0.54741 711
 1.3392 746715 0.56696 711
 1.3392 1054640 0.56696 711
 1.3392 746715 0.56696 711
 1.3392 746715 0.56696 1
 1.3392 746715 0.56696 911
 -1 1054640 0.56696 711
 -1 1054640 0.56696 711
 1.3392 746715 0.56696 711
 1.3392 746715 0.56696 711
 -1 1054640 0.56696 711
 1.3392 1054640 0.56696 711
 1.3392 746715 0.56696 900
 1.3392 746715 0.56696 0
 1.3392 1054640 0.56696 999
 1.3392 746715 0.56696 711
 -1 1054640 0.56696 711
 -1 746715 0.56696 711
 -1 1054640 0.56696 11
 1.7302 746715 0.54741 711
 -1 746715 0.56696 711
 1.7302 746715 0.54741 701
 1.7302 746715 0.56696 0
 1.7302 746715 0.54741 711
 1.3392 746715 0.54741 111
 1.7302 746715 0.54741 711
 -1 1054640 0.56696 711
 1.7302 746715 0.54741 711
 -1 1054640 0.56696 711
 1.3392 746715 0.54741 711
 1.3392 746715 0.54741 900
 -1 1054640 0.56696 711
 -1 1054640 0.56696 711
 1.3392 746715 0.54741 711
 1.3392 746715 0.54741 711
 -1 1054640 0.56696 711
 -1 1054640 0.56696 701
 1.3392 746715 0.527859 900
 1.3392 746715 0.54741 999
 1.3392 746715 0.54741 900
 1.3392 746715 0.527859 900
 1.3392 1054640 0.56696 699
 1.3392 746715 0.54741 900
 1.3392 746715 0.54741 88
 1.3392 1054640 0.54741 688
 -1 1054640 0.56696 688
 1.3392 746715 0.54741 0
 1.3392 746715 0.54741 688
 1.3392 746715 0.54741 688
 1.3392 1054640 0.54741 0
 1.3392 1054640 0.54741 688
 1.3392 1054640 0.54741 900
 1.3392 746715 0.54741 688
 1.3392 746715 0.54741 688
 -1 1054640 0.56696 900
 1.3392 746715 0.54741 688
 -1 1054640 0.56696 688
 -1 1054640 0.54741 900
 -1 1054640 0.54741 800
 -1 1054640 0.54741 999
 -1 1054640 0.54741 688
 1.3392 746715 0.527859 688
 -1 1054640 0.54741 900
 -1 1054640 0.54741 700
 -1 1794740 0.56696 0
 -1 1054640 0.56696 700
 -1 1054640 0.54741 900
 1.3392 746715 0.527859 700
 -1 746715 0.54741 711
 1.3392 746715 0.54741 733
 -1 1054640 0.56696 755
 -1 1054640 0.56696 755
 1.3392 1054640 0.54741 777
 -1 746715 0.54741 788
 1.3392 1054640 0.54741 999
 -1 1794740 0.56696 911
 1.3392 746715 0.54741 811
 -1 1054640 0.56696 922
 -1 1054640 0.54741 900
 -1 1054640 0.56696 822
 1.3392 1054640 0.54741 822
 -1 746715 0.54741 822
 1.3392 746715 0.54741 822
 -1 1054640 0.54741 822
 -1 1054640 0.56696 822
 -1 577966 0.54741 822
 -1 1054640 0.56696 822
 -1 1054640 0.56696 822
 -1 1054640 0.56696 822
 1.3392 1054640 0.54741 822
 1.7302 577966 0.527859 922
 1.3392 1054640 0.54741 800
 1.3392 1054640 0.54741 900
 -1 1054640 0.56696 900
 -1 1054640 0.54741 833
 -1 1054640 0.56696 999
 -1 1794740 0.54741 833
 -1 1794740 0.54741 300
 -1 1054640 0.56696 833
 1.3392 577966 0.54741 903
 -1 1054640 0.56696 33
 -1 1054640 0.56696 993
 -1 1054640 0.56696 900
 -1 1054640 0.56696 833
 -1 1054640 0.56696 833
 1.3392 1054640 0.54741 833
 -1 1054640 0.56696 833
 -1 1054640 0.56696 999
 -1 746715 0.54741 833
 -1 1054640 0.56696 833
 -1 1054640 0.54741 833
 1.3392 746715 0.54741 833
 1.3392 746715 0.527859 833
 -1 1054640 0.54741 844
 -1 1054640 0.54741 900
 -1 1054640 0.56696 400
 -1 1794740 0.54741 844
 -1 1794740 0.56696 900
 -1 1054640 0.56696 844
 -1 1054640 0.56696 844
 -1 1794740 0.54741 855
 1.3392 746715 0.527859 855
 -1 1054640 0.54741 855
 -1 1054640 0.56696 855
 -1 746715 0.54741 855
 -1 1794740 0.56696 855
 1.3392 1054640 0.527859 855
 -1 1054640 0.56696 855
 -1 1054640 0.54741 999
 -1 1054640 0.56696 855
 -1 1054640 0.56696 500
 -1 1054640 0.54741 844
 -1 1054640 0.54741 833
 -1 1054640 0.54741 833
 -1 1054640 0.54741 999
 -1 1794740 0.56696 833
 1.3392 746715 0.54741 833
 -1 1054640 0.54741 999
 -1 1794740 0.54741 866
 -1 746715 0.54741 600
 -1 1054640 0.56696 866
 -1 1794740 0.56696 866
 1.3392 1054640 0.54741 866
 1.3392 1054640 0.54741 866
 -1 1054640 0.54741 877
 -1 1794740 0.56696 877
 1.3392 1054640 0.54741 877
 1.3392 746715 0.56696 877
 -1 1054640 0.56696 877
 1.3392 746715 0.54741 877
 -1 1054640 0.58651 877
 -1 1054640 0.56696 844
 -1 1054640 0.56696 844
 -1 1054640 0.56696 844
 1.3392 746715 0.58651 877
 1.3392 746715 0.56696 899
 1.7302 577966 0.56696 911
 2.12121 577966 0.56696 933
 1.3392 746715 0.58651 933
 1.7302 746715 0.56696 933
 1.3392 746715 0.58651 933
 1.3392 746715 0.58651 900
 2.12121 577966 0.56696 933
 1.7302 746715 0.58651 933
 1.3392 746715 0.58651 933
 2.12121 577966 0.58651 33
 2.12121 577966 0.58651 933
 2.12121 577966 0.58651 900
 2.12121 471428 0.58651 933
 1.7302 471428 0.606061 933
 2.12121 471428 0.606061 933
 2.12121 398054 0.606061 933
 2.12121 471428 0.606061 999
 2.12121 471428 0.58651 900
 2.51222 398054 0.606061 933
 2.12121 471428 0.625611 933
 2.12121 471428 0.625611 333
 2.12121 471428 0.645161 933
 2.90323 398054 0.606061 933
 2.51222 344444 0.606061 933
 2.12121 471428 0.645161 933
 2.51222 471428 0.645161 933
 2.51222 398054 0.625611 933
 2.51222 303561 0.625611 933
 2.51222 398054 0.645161 933
 3.68524 303561 0.645161 933
 3.29423 303561 0.645161 933
 3.29423 303561 0.664712 933
 2.90323 303561 0.664712 933
 2.90323 344444 0.664712 933
 2.90323 344444 0.664712 933
 3.29423 303561 0.645161 933
 3.29423 303561 0.684262 933
 2.90323 303561 0.684262 933
 3.29423 303561 0.684262 933
 3.68524 271353 0.645161 933
 3.68524 271353 0.664712 933
 3.29423 303561 0.684262 933
 3.68524 271353 0.664712 933
 3.68524 271353 0.664712 933
 3.29423 303561 0.684262 933
 3.29423 303561 0.684262 933
 3.29423 271353 0.684262 933
 3.68524 271353 0.684262 922
 3.68524 271353 0.684262 922
 3.68524 271353 0.703812 922
 3.68524 303561 0.684262 922
 4.07625 245324 0.664712 922
 3.68524 303561 0.684262 922
 3.68524 271353 0.703812 922
 3.68524 303561 0.684262 922
 3.68524 271353 0.703812 922
 4.07625 245324 0.684262 200
 4.46725 223851 0.703812 999
 4.07625 245324 0.703812 933
 4.07625 245324 0.723363 933
 4.46725 245324 0.684262 933
 4.46725 245324 0.703812 944
 4.46725 245324 0.723363 994
 4.46725 245324 0.703812 944
 4.46725 223851 0.684262 400
