# Created by Octave 4.0.0, Tue Jun 07 12:04:51 2016 BRT <ia368n@ia368n-VirtualBox>
# name: measurements
# type: matrix
# rows: 200
# columns: 4
 8.377319999999999 114047 0.899316 655
 7.98631 119370 0.938416 655
 7.59531 131660 0.957967 655
 7.59531 131660 0.957967 655
 9.55034 109178 0.977517 744
 9.15934 109178 0.957967 744
 7.59531 114047 0.918866 766
 7.98631 131660 0.918866 788
 8.768330000000001 114047 0.860215 788
 8.768330000000001 109178 0.899316 788
 7.59531 131660 0.957967 788
 7.59531 131660 0.977517 788
 7.98631 125214 0.977517 788
 7.98631 119370 0.977517 788
 7.98631 119370 0.977517 788
 9.55034 104708 0.918866 788
 9.15934 104708 0.918866 788
 7.98631 131660 0.938416 98
 8.768330000000001 125214 0.899316 70
 8.768330000000001 125214 0.879765 700
 7.98631 131660 0.899316 88
 7.98631 131660 0.899316 788
 7.59531 138806 0.899316 88
 7.98631 131660 0.860215 77
 8.377319999999999 125214 0.840665 970
 8.377319999999999 125214 0.860215 777
 8.768330000000001 119370 0.860215 99
 9.15934 114047 0.860215 980
 9.15934 119370 0.860215 700
 8.768330000000001 119370 0.860215 944
 8.768330000000001 119370 0.840665 744
 7.2043 138806 0.899316 822
 8.377319999999999 119370 0.821114 722
 8.377319999999999 119370 0.840665 988
 8.768330000000001 119370 0.840665 700
 8.768330000000001 114047 0.840665 92
 8.377319999999999 114047 0.860215 722
 8.377319999999999 119370 0.840665 222
 7.98631 119370 0.879765 99
 7.59531 119370 0.860215 980
 7.98631 138806 0.860215 822
 7.98631 119370 0.840665 722
 7.59531 125214 0.860215 988
 7.2043 125214 0.918866 700
 7.2043 125214 0.938416 99
 7.2043 138806 0.938416 988
 7.98631 119370 0.899316 722
 8.377319999999999 119370 0.879765 92
 7.59531 125214 0.938416 722
 8.768330000000001 109178 0.860215 700
 9.15934 104708 0.899316 722
 7.98631 114047 0.977517 722
 7.98631 119370 1.01662 700
 8.377319999999999 119370 1.03617 99
 9.15934 109178 1.03617 822
 9.94135 100590 1.07527 700
 9.94135 100590 1.09482 722
 9.94135 100590 1.09482 822
 9.94135 93254.3 1.07527 22
 9.94135 96783.39999999999 1.05572 722
 9.55034 104708 1.07527 722
 9.55034 104708 1.07527 722
 11.8964 86915.89999999999 0.997067 711
 10.3324 89973.60000000001 1.07527 711
 9.94135 100590 1.11437 711
 10.3324 100590 1.09482 99
 9.94135 104708 1.09482 711
 10.7234 89973.60000000001 1.05572 700
 9.94135 96783.39999999999 1.07527 711
 10.7234 96783.39999999999 1.07527 911
 10.7234 96783.39999999999 1.07527 711
 10.7234 96783.39999999999 1.05572 11
 10.3324 100590 1.03617 81
 10.3324 100590 1.01662 711
 10.7234 100590 0.977517 99
 10.3324 100590 0.977517 811
 10.3324 104708 0.997067 0
 10.7234 93254.3 0.997067 755
 11.8964 86915.89999999999 0.997067 966
 12.2874 81384.2 1.01662 966
 12.2874 81384.2 1.03617 99
 11.8964 81384.2 1.07527 755
 12.6784 76514.60000000001 1.07527 700
 12.6784 74291.89999999999 1.13392 755
 13.8514 70212.8 1.15347 966
 13.8514 74291.89999999999 1.19257 755
 14.6334 66558.2 1.23167 755
 15.8065 64870 1.21212 755
 16.5885 60282.8 1.23167 755
 16.5885 58894.6 1.25122 977
 16.9795 58894.6 1.27077 777
 16.9795 61738.1 1.25122 777
 16.5885 58894.6 1.25122 777
 16.1975 60282.8 1.25122 707
 16.1975 60282.8 1.25122 777
 15.8065 61738.1 1.25122 777
 14.2424 68336.7 1.29032 777
 14.6334 64870 1.29032 700
 15.4154 64870 1.17302 777
 15.0244 66558.2 1.21212 777
 14.2424 68336.7 1.19257 777
 12.6784 78874.3 1.23167 777
 14.2424 70212.8 1.11437 777
 13.4604 72194.8 1.15347 777
 13.0694 81384.2 1.15347 977
 12.2874 84059.2 1.17302 777
 13.4604 74291.89999999999 1.07527 777
 11.5054 84059.2 1.19257 799
 13.8514 76514.60000000001 1.09482 799
 13.4604 76514.60000000001 1.09482 799
 13.8514 74291.89999999999 1.09482 799
 12.6784 76514.60000000001 1.15347 799
 11.8964 81384.2 1.17302 9
 12.6784 74291.89999999999 1.09482 799
 11.8964 78874.3 1.13392 999
 12.2874 76514.60000000001 1.07527 799
 13.0694 76514.60000000001 1.03617 799
 10.7234 89973.60000000001 1.15347 799
 12.6784 78874.3 1.03617 799
 10.7234 89973.60000000001 1.15347 799
 12.2874 86915.89999999999 1.03617 799
 10.7234 86915.89999999999 1.11437 799
 10.7234 93254.3 1.11437 988
 10.7234 93254.3 1.11437 977
 10.3324 93254.3 1.09482 799
 10.3324 93254.3 1.09482 988
 10.3324 93254.3 1.09482 222
 11.5054 81384.2 1.01662 9
 9.94135 89973.60000000001 1.07527 822
 9.94135 93254.3 1.07527 822
 9.94135 96783.39999999999 1.07527 822
 9.94135 96783.39999999999 1.07527 988
 9.55034 96783.39999999999 1.07527 803
 10.7234 86915.89999999999 1.01662 855
 9.55034 104708 1.09482 855
 11.1144 96783.39999999999 0.977517 855
 9.55034 100590 1.05572 855
 9.55034 104708 1.05572 55
 9.55034 104708 1.05572 855
 9.15934 104708 1.05572 9
 9.55034 104708 1.05572 855
 9.55034 109178 1.05572 988
 9.15934 104708 1.05572 55
 9.15934 109178 1.05572 988
 9.15934 104708 1.03617 800
 9.94135 93254.3 0.997067 9
 9.15934 114047 1.05572 866
 8.768330000000001 114047 1.03617 800
 9.15934 114047 1.03617 877
 10.7234 96783.39999999999 0.918866 877
 8.377319999999999 114047 1.03617 877
 8.377319999999999 114047 1.03617 77
 8.377319999999999 119370 1.03617 877
 8.768330000000001 119370 1.01662 988
 8.768330000000001 104708 0.997067 77
 8.377319999999999 125214 1.01662 877
 8.377319999999999 119370 0.997067 807
 8.377319999999999 119370 1.01662 77
 7.98631 125214 1.01662 977
 7.98631 125214 0.997067 877
 8.377319999999999 119370 0.997067 66
 9.15934 100590 0.938416 855
 9.55034 100590 0.938416 855
 9.55034 100590 0.938416 844
 7.98631 119370 0.997067 833
 9.55034 100590 0.918866 833
 9.15934 114047 0.918866 811
 9.55034 104708 0.899316 799
 7.98631 131660 0.977517 788
 9.55034 114047 0.860215 788
 8.768330000000001 109178 0.918866 788
 8.377319999999999 131660 0.938416 977
 7.59531 138806 0.957967 788
 7.2043 138806 0.957967 788
 7.59531 138806 0.957967 88
 7.59531 138806 0.957967 788
 7.59531 131660 0.938416 999
 7.59531 138806 0.938416 788
 9.15934 114047 0.860215 788
 7.2043 138806 0.957967 788
 7.59531 138806 0.918866 788
 7.98631 138806 0.918866 988
 7.2043 131660 0.938416 777
 6.81329 138806 0.938416 777
 8.768330000000001 138806 0.918866 777
 7.2043 131660 0.938416 777
 7.59531 125214 0.918866 777
 7.2043 131660 0.938416 777
 6.81329 138806 0.938416 777
 6.81329 146772 0.938416 777
 8.768330000000001 125214 0.860215 777
 6.81329 146772 0.879765 777
 7.2043 146772 0.899316 777
 6.81329 125214 0.899316 777
 7.59531 119370 0.879765 777
 8.377319999999999 125214 0.821114 777
 8.377319999999999 119370 0.821114 777
 7.98631 119370 0.860215 788
 8.377319999999999 119370 0.821114 788
 6.81329 155708 0.899316 999


# name: t
# type: range
# base, limit, increment
0.5 100 0.5


