# Created by Octave 4.0.0, Wed Jun 08 14:52:07 2016 BRT <ia368n@ia368n-VirtualBox>
# name: measurements
# type: matrix
# rows: 100
# columns: 4
 4.46725 223851 0.54741 800
 4.46725 223851 0.56696 11
 5.24927 190503 0.625611 611
 5.24927 165802 0.645161 800
 4.46725 271353 0.762463 811
 7.2043 138806 0.723363 811
 8.377319999999999 125214 0.742913 611
 9.15934 109178 0.8015640000000001 91
 9.94135 100590 0.840665 611
 10.3324 104708 0.879765 811
 11.1144 96783.39999999999 0.879765 811
 11.5054 89973.60000000001 0.899316 11
 11.8964 86915.89999999999 0.938416 801
 11.8964 89973.60000000001 0.918866 11
 11.5054 89973.60000000001 0.918866 811
 11.8964 86915.89999999999 0.938416 600
 11.8964 84059.2 0.977517 811
 9.94135 109178 1.07527 811
 11.5054 89973.60000000001 0.938416 811
 10.3324 93254.3 0.938416 811
 9.55034 96783.39999999999 0.977517 611
 10.7234 86915.89999999999 0.938416 811
 9.55034 114047 0.997067 811
 8.377319999999999 125214 1.03617 811
 7.98631 125214 0.997067 811
 8.768330000000001 100590 0.957967 811
 11.1144 86915.89999999999 0.938416 811
 10.7234 104708 0.938416 811
 10.3324 100590 0.938416 811
 9.94135 109178 0.938416 800
 7.98631 131660 0.997067 811
 7.2043 138806 0.977517 811
 8.768330000000001 131660 0.899316 811
 8.768330000000001 125214 0.938416 811
 8.377319999999999 131660 0.957967 966
 7.98631 138806 0.957967 611
 7.59531 146772 0.957967 11
 7.2043 146772 0.938416 811
 6.42229 165802 0.918866 801
 6.03128 177296 0.899316 811
 6.03128 177296 0.938416 811
 7.2043 146772 0.997067 800
 7.59531 138806 0.997067 11
 7.2043 146772 0.997067 611
 6.42229 155708 0.977517 811
 6.42229 146772 0.938416 811
 6.42229 146772 0.957967 611
 6.81329 138806 0.977517 811
 6.81329 138806 0.938416 91
 7.2043 119370 0.899316 611
 7.98631 138806 0.840665 811
 6.03128 177296 0.938416 811
 7.98631 114047 0.8015640000000001 811
 6.03128 138806 0.879765 811
 6.81329 125214 0.879765 91
 6.81329 125214 0.879765 966
 6.81329 125214 0.860215 811
 7.98631 119370 0.8015640000000001 811
 8.377319999999999 125214 0.762463 811
 7.2043 125214 0.8015640000000001 611
 7.98631 119370 0.782014 811
 8.377319999999999 114047 0.821114 811
 8.377319999999999 114047 0.821114 800
 8.377319999999999 119370 0.782014 811
 8.377319999999999 114047 0.821114 611
 8.768330000000001 109178 0.821114 811
 8.768330000000001 109178 0.821114 811
 8.768330000000001 119370 0.762463 811
 7.98631 119370 0.762463 911
 7.98631 125214 0.742913 811
 7.59531 125214 0.742913 811
 7.59531 131660 0.723363 711
 7.98631 125214 0.742913 811
 8.377319999999999 125214 0.762463 988
 7.98631 125214 0.762463 988
 7.98631 125214 0.742913 800
 7.59531 138806 0.723363 799
 6.81329 138806 0.762463 9
 7.2043 131660 0.742913 999
 7.2043 131660 0.742913 800
 7.59531 138806 0.723363 800
 7.98631 131660 0.723363 911
 7.59531 131660 0.723363 111
 7.59531 138806 0.723363 91
 4.85826 223851 0.840665 999
 6.03128 190503 0.742913 833
 7.2043 155708 0.703812 844
 7.2043 146772 0.684262 844
 7.2043 146772 0.684262 844
 7.2043 146772 0.684262 844
 6.03128 190503 0.742913 844
 7.59531 138806 0.723363 944
 7.59531 146772 0.723363 844
 5.64027 205835 0.782014 994
 7.59531 146772 0.723363 844
 7.98631 131660 0.742913 9
 7.98631 131660 0.742913 844
 7.98631 138806 0.762463 44
 7.59531 146772 0.742913 844
 6.42229 177296 0.742913 944


# name: t
# type: range
# base, limit, increment
0.5 50 0.5


