# Created by Octave 4.0.0, Wed Jun 08 14:49:25 2016 BRT <ia368n@ia368n-VirtualBox>
# name: measurements
# type: matrix
# rows: 200
# columns: 4
 2.90323 471428 0.56696 899
 -1 746715 0.664712 99
 -1 746715 0.664712 899
 -1 746715 0.664712 800
 -1 746715 0.684262 899
 -1 746715 0.664712 779
 -1 746715 0.664712 899
 1.3392 746715 0.664712 999
 1.3392 746715 0.664712 970
 -1 746715 0.664712 800
 2.90323 303561 0.606061 899
 1.7302 344444 0.625611 899
 2.90323 303561 0.606061 899
 2.90323 398054 0.684262 899
 2.51222 245324 0.58651 899
 2.51222 577966 0.606061 899
 1.7302 746715 0.645161 899
 1.7302 746715 0.645161 899
 2.51222 577966 0.625611 899
 1.3392 1054640 0.684262 899
 1.3392 471428 0.664712 899
 3.29423 271353 0.58651 899
 2.90323 398054 0.56696 899
 3.29423 344444 0.54741 899
 1.3392 1054640 0.664712 977
 1.3392 471428 0.664712 899
 3.68524 303561 0.664712 899
 3.68524 303561 0.684262 899
 3.68524 303561 0.645161 899
 2.51222 303561 0.625611 899
 3.68524 303561 0.56696 899
 3.29423 398054 0.58651 977
 1.7302 746715 0.664712 899
 2.51222 577966 0.625611 899
 2.51222 577966 0.625611 899
 2.90323 577966 0.606061 809
 1.7302 577966 0.684262 899
 2.90323 471428 0.58651 899
 2.90323 471428 0.58651 809
 2.90323 471428 0.58651 99
 3.29423 398054 0.58651 899
 3.29423 398054 0.58651 999
 2.90323 471428 0.58651 999
 3.29423 398054 0.58651 799
 3.29423 344444 0.56696 899
 3.29423 344444 0.56696 99
 1.3392 577966 0.684262 899
 3.29423 344444 0.56696 799
 3.29423 398054 0.56696 99
 3.68524 303561 0.56696 899
 3.68524 344444 0.56696 899
 3.68524 303561 0.56696 99
 3.68524 303561 0.56696 899
 3.68524 303561 0.56696 99
 3.68524 303561 0.56696 99
 1.7302 746715 0.684262 799
 3.68524 303561 0.56696 799
 3.68524 303561 0.56696 99
 4.07625 271353 0.56696 979
 4.07625 271353 0.56696 809
 4.46725 271353 0.58651 888
 4.07625 245324 0.58651 766
 4.07625 245324 0.58651 806
 3.29423 398054 0.625611 844
 3.29423 398054 0.625611 833
 2.90323 398054 0.625611 833
 2.51222 471428 0.664712 833
 2.12121 577966 0.606061 833
 2.12121 471428 0.645161 833
 2.51222 271353 0.606061 833
 2.51222 271353 0.645161 833
 3.68524 245324 0.645161 833
 3.68524 245324 0.625611 822
 4.46725 398054 0.723363 822
 2.51222 398054 0.742913 822
 2.51222 398054 0.742913 922
 4.85826 398054 0.742913 811
 3.29423 245324 0.723363 799
 2.90323 344444 0.762463 999
 2.90323 303561 0.762463 799
 2.90323 271353 0.762463 799
 5.64027 190503 0.645161 799
 3.68524 303561 0.742913 688
 4.07625 271353 0.742913 777
 5.64027 177296 0.684262 966
 5.64027 177296 0.703812 700
 5.64027 165802 0.684262 99
 6.03128 177296 0.664712 966
 5.64027 177296 0.684262 766
 6.03128 177296 0.684262 99
 6.03128 177296 0.684262 766
 3.68524 271353 0.8015640000000001 777
 6.03128 177296 0.684262 777
 6.03128 177296 0.684262 777
 5.64027 177296 0.664712 777
 3.29423 303561 0.782014 777
 5.64027 177296 0.664712 777
 5.64027 177296 0.664712 777
 5.64027 190503 0.664712 97
 5.64027 190503 0.664712 777
 5.64027 177296 0.664712 777
 5.64027 177296 0.645161 97
 5.64027 177296 0.645161 788
 5.24927 177296 0.664712 700
 5.24927 177296 0.684262 99
 5.24927 190503 0.664712 977
 5.24927 190503 0.645161 700
 5.24927 190503 0.645161 788
 5.24927 190503 0.625611 778
 4.46725 271353 0.664712 88
 5.24927 205835 0.625611 788
 4.85826 205835 0.625611 788
 4.85826 205835 0.625611 788
 4.85826 205835 0.625611 88
 4.85826 205835 0.625611 977
 4.85826 205835 0.625611 709
 4.85826 205835 0.625611 800
 4.85826 205835 0.625611 822
 2.90323 471428 0.723363 222
 4.85826 205835 0.606061 822
 4.85826 205835 0.606061 822
 4.85826 205835 0.625611 822
 4.85826 223851 0.606061 92
 4.85826 245324 0.606061 822
 4.85826 223851 0.606061 822
 2.51222 471428 0.723363 822
 4.07625 223851 0.664712 822
 2.12121 471428 0.723363 822
 4.85826 223851 0.606061 811
 4.85826 223851 0.606061 988
 4.85826 223851 0.606061 811
 4.85826 223851 0.606061 0
 4.85826 223851 0.606061 788
 2.51222 471428 0.723363 788
 4.46725 271353 0.606061 788
 4.07625 303561 0.625611 877
 4.46725 245324 0.606061 77
 4.46725 245324 0.606061 95
 4.46725 245324 0.625611 994
 4.46725 245324 0.606061 744
 4.46725 245324 0.606061 33
 4.46725 245324 0.606061 722
 4.46725 271353 0.606061 700
 4.46725 245324 0.606061 722
 4.46725 271353 0.606061 722
 2.12121 398054 0.723363 722
 4.07625 303561 0.625611 722
 4.46725 245324 0.606061 733
 4.07625 271353 0.625611 744
 3.29423 398054 0.664712 744
 2.12121 398054 0.606061 755
 4.85826 398054 0.684262 755
 4.46725 398054 0.723363 777
 4.07625 223851 0.625611 777
 2.90323 303561 0.703812 977
 3.68524 245324 0.645161 777
 3.29423 271353 0.664712 788
 4.46725 223851 0.606061 799
 4.46725 245324 0.606061 799
 3.29423 398054 0.664712 799
 2.12121 471428 0.723363 799
 2.12121 471428 0.723363 799
 4.07625 223851 0.625611 799
 4.46725 245324 0.606061 799
 4.46725 245324 0.606061 700
 4.46725 245324 0.606061 9
 4.46725 245324 0.606061 799
 2.90323 398054 0.664712 799
 2.90323 398054 0.664712 99
 3.29423 398054 0.645161 800
 2.51222 471428 0.684262 900
 2.90323 398054 0.664712 799
 2.90323 471428 0.664712 988
 3.29423 245324 0.684262 777
 2.12121 471428 0.723363 777
 4.46725 223851 0.606061 777
 4.46725 245324 0.606061 777
 4.46725 245324 0.606061 777
 2.12121 471428 0.723363 766
 2.12121 471428 0.723363 766
 4.07625 223851 0.606061 766
 4.46725 245324 0.606061 700
 4.46725 245324 0.625611 9
 4.46725 223851 0.606061 766
 2.12121 471428 0.723363 766
 4.07625 303561 0.606061 755
 3.68524 303561 0.606061 855
 3.29423 398054 0.664712 755
 4.07625 303561 0.606061 755
 2.51222 471428 0.684262 866
 4.07625 271353 0.606061 766
 2.51222 471428 0.684262 766
 4.07625 271353 0.606061 766
 4.07625 271353 0.606061 700
 4.07625 303561 0.606061 766
 3.68524 303561 0.606061 866
 4.07625 271353 0.606061 766
 4.07625 303561 0.606061 766
 2.12121 471428 0.703812 866
 2.12121 471428 0.703812 766


# name: t
# type: range
# base, limit, increment
0.5 100 0.5


